1.262,1.3138,1.3861,1.48,1.5904,1.7155,1.8485,1.9804,2.1026,2.2111,2.303,2.3675,2.4106,2.4438,2.4614,2.4653,2.4565,2.4409,2.4213,2.3988,2.3724,2.3431,2.3148,2.2874,2.261,2.2336,2.2053,2.1769,2.1496,2.1261,2.1046,2.0821,2.0567,2.0274,1.9922,1.9521,1.913,1.8739,1.8289,1.782,1.737,1.696,1.6598,1.6285,1.6031,1.5846,1.5728,1.565,1.5611,1.5611,1.563,1.564,1.564,1.564,1.564,1.564,1.563,1.5601,1.5552,1.5503,1.5445,1.5406,1.5367,1.5318,1.5269,1.52,1.5093,1.4956,1.48,1.4643,1.4477,1.4311,1.4135,1.4008,1.392,1.3812,1.3734,1.3666,1.3568,1.347,1.3363,1.3245,1.3138,1.304,1.2962,1.2903,1.2893,1.2884,1.2864,1.2825,1.2786,1.2737,1.2669,1.26,1.2551,1.2532,1.2522,1.2512,1.2522,1.2542,1.2551,1.2561,1.2561,1.2561,1.2561,1.2581,1.262,1.2669,1.2708,1.2737,1.2776,1.2825,1.2884,1.2952,1.3021,1.3079,1.3138,1.3167,1.3177,1.3187,1.3187,1.3157,1.3089,1.303,1.2981,1.2942,1.2923,1.2942,1.305,1.3324,1.3803,1.4506,1.5455,1.6628,1.7957,1.9365,2.0596,2.1701,2.2835,2.3891,2.4819,2.5552,2.609,2.6461,2.6676,2.6755,2.6735,2.6637,2.6471,2.6266,2.6012,2.5748,2.5484,2.5239,2.5015,2.4819,2.4633,2.4457,2.4272,2.4066,2.3851,2.3627,2.3372,2.3089,2.2776,2.2414,2.2004,2.1564,2.1095,2.0606,2.0117,1.9658,1.9228,1.8876,1.8583,1.8289,1.8016,1.7859,1.7781,1.7713,1.7674,1.7654,1.7664,1.7683,1.7693,1.7703,1.7703,1.7683,1.7644,1.7586,1.7507,1.741,1.7292,1.7165,1.6999,1.6823,1.6647,1.6461,1.6285,1.6109,1.5924,1.5738,1.5543,1.5327,1.5083,1.4829,1.4585,1.437,1.4164,1.3959,1.3773,1.3646,1.3548,1.3431,1.3304,1.3177,1.306,1.2952,1.2854,1.2766,1.2678,1.2561,1.2444,1.2346,1.2268,1.216,1.2043,1.1916,1.1818,1.174,1.1642,1.1584,1.1535,1.1496,1.1476,1.1447,1.1447,1.1486,1.1486,1.1447,1.1398,1.1359,1.1339,1.131,1.1261,1.1241,1.1232,1.1193,1.1173,1.1163,1.1153,1.1153,1.1114,1.1065,1.1007,1.0948,1.0919,1.0948,1.1065,1.131,1.1642,1.216,1.2972,1.4008,1.5239,1.6637,1.8104,1.957,2.0987,2.2258,2.3324,2.4174,2.4819,2.521,2.5406,2.5503,2.5484,2.5357,2.5142,2.4848,2.4506,2.4154,2.3822,2.3509,2.3206,2.2923,2.2639,2.2356,2.2063,2.1779,2.1505,2.1222,2.089,2.0528,2.0147,1.9736,1.9267,1.8729,1.825,1.781,1.7322,1.6843,1.6403,1.6022,1.5718,1.5503,1.5357,1.5269,1.5239,1.5259,1.5298,1.5357,1.5415,1.5484,1.5552,1.5601,1.5621,1.563,1.564,1.563,1.5591,1.5533,1.5474,1.5406,1.5308,1.5161,1.5005,1.4858,1.4702,1.4526,1.434,1.4145,1.3949,1.3763,1.3607,1.35,1.3392,1.3255,1.3118,1.2981,1.2864,1.2757,1.2639,1.2532,1.2444,1.2346,1.2229,1.2111,1.2014,1.1965,1.1906,1.1848,1.1779,1.172,1.1672,1.1632,1.1613,1.1603,1.1593,1.1593,1.1603,1.1632,1.1642,1.1652,1.1652,1.1652,1.1652,1.1652,1.1652,1.1652,1.1652,1.1652,1.1691,1.173,1.1789,1.1867,1.1906,1.1965,1.2014,1.2033,1.2043,1.2053,1.2053,1.2053,1.2072,1.2111,1.218,1.2444,1.2776,1.3275,1.4389,1.5425,1.6696,1.8152,2.0469,2.1896,2.3089,2.4731,2.5699,2.65,2.7097,2.7498,2.7742,2.7869,2.7869,2.7683,2.7507,2.7283,2.6931,2.6676,2.6432,2.6227,2.6031,2.5816,2.5601,2.5376,2.5132,2.4878,2.4624,2.434,2.4037,2.3685,2.3275,2.2835,2.2366,2.1867,2.1349,2.0821,2.0313,2,1.9814,1.9609,1.9413,1.9238,1.9091,1.8983,1.8895,1.8837,1.8788,1.8729,1.8671,1.8612,1.8543,1.8475,1.8407,1.8338,1.8289,1.825,1.8182,1.8074,1.7957,1.7791,1.7595,1.739,1.7175,1.6931,1.6716,1.654,1.6354,1.6168,1.5973,1.5767,1.5562,1.5357,1.5161,1.4956,1.4751,1.4545,1.4379,1.4242,1.4145,1.4057,1.3949,1.3822,1.3695,1.3568,1.3451,1.3353,1.3275,1.3196,1.3148,1.3118,1.3089,1.304,1.2962,1.2854,1.2737,1.261,1.2493,1.2405,1.2326,1.2248,1.216,1.2102,1.2072,1.2023,1.1965,1.1935,1.1916,1.1896,1.1887,1.1877,1.1877,1.1857,1.1808,1.175,1.172,1.1711,1.1672,1.1613,1.1554,1.1486,1.1437,1.1427,1.1515,1.173,1.2102,1.2717,1.3431,1.4262,1.5357,1.6647,1.8074,1.9531,2.0938,2.2239,2.3363,2.4282,2.4976,2.5464,2.5777,2.5914,2.5914,2.5826,2.567,2.5415,2.5083,2.4731,2.4389,2.4066,2.3754,2.346,2.3177,2.2893,2.2659,2.2424,2.217,2.1906,2.1613,2.1281,2.0899,2.0469,2,1.9472,1.8925,1.8377,1.7918,1.7537,1.7146,1.6755,1.6432,1.6168,1.5973,1.5855,1.5816,1.5826,1.5865,1.5924,1.5982,1.6051,1.61,1.6109,1.6109,1.6129,1.6139,1.6139,1.6129,1.609,1.6031,1.5934,1.5806,1.5709,1.5601,1.5445,1.5269,1.5093,1.4946,1.478,1.4594,1.4399,1.4223,1.4076,1.3969,1.39,1.3832,1.3734,1.3617,1.349,1.3363,1.3226,1.3089,1.2972,1.2874,1.2796,1.2717,1.2669,1.2639,1.259,1.2522,1.2454,1.2366,1.2258,1.217,1.2102,1.2053,1.2033,1.2023,1.2014,1.2023,1.2053,1.2043,1.2023,1.2014,1.2014,1.2014,1.2023,1.2053,1.2063,1.2072,1.2072,1.2072,1.2092,1.2121,1.2131,1.2141,1.2141,1.2141,1.2141,1.2141,1.2141,1.216,1.2239,1.2414,1.2669,1.305,1.3646,1.4487,1.5572,1.6852,1.8309,1.9892,2.1496,2.304,2.4457,2.5689,2.6716,2.7419,2.7859,2.8172,2.8368,2.8446,2.8416,2.8299,2.8143,2.7957,2.7732,2.7488,2.7243,2.6999,2.6794,2.6628,2.6471,2.6325,2.6188,2.6031,2.5836,2.5582,2.5269,2.4927,2.4575,2.4174,2.3773,2.3333,2.2825,2.2297,2.1769,2.1261,2.0802,2.042,2.0108,1.9844,1.9648,1.9511,1.9404,1.9316,1.9238,1.9189,1.9179,1.9169,1.9169,1.9169,1.913,1.9081,1.9022,1.8954,1.8886,1.8788,1.8631,1.8465,1.8319,1.8172,1.8016,1.781,1.7576,1.7351,1.7136,1.6891,1.6628,1.6393,1.6188,1.6002,1.5846,1.5679,1.5494,1.5308,1.5152,1.4985,1.4829,1.4682,1.4526,1.4409,1.4301,1.4164,1.4027,1.3891,1.3783,1.3715,1.3646,1.3568,1.35,1.3431,1.3363,1.3314,1.3284,1.3275,1.3236,1.3177,1.3118,1.303,1.2952,1.2884,1.2815,1.2757,1.2727,1.2678,1.2639,1.262,1.2561,1.2463,1.2356,1.2268,1.218,1.2102,1.2043,1.1994,1.1955,1.1896,1.1828,1.1799,1.1779,1.174,1.1681,1.1642,1.1652,1.1779,1.2082,1.262,1.3392,1.4399,1.564,1.6852,1.8045,1.9433,2.088,2.2258,2.3519,2.4594,2.5464,2.6109,2.65,2.6676,2.6716,2.6628,2.6452,2.6217,2.5934,2.5611,2.5279,2.4956,2.4663,2.437,2.4106,2.3832,2.3578,2.3314,2.3021,2.2737,2.2444,2.2102,2.173,2.13,2.0802,2.0264,1.9677,1.9091,1.8563,1.8084,1.7644,1.7263,1.6931,1.6618,1.6354,1.6168,1.6041,1.5982,1.5982,1.6022,1.6061,1.608,1.609,1.609,1.609,1.609,1.609,1.609,1.609,1.607,1.6031,1.5973,1.5894,1.5806,1.5689,1.5533,1.5406,1.5298,1.5161,1.4985,1.4819,1.4663,1.4516,1.437,1.4213,1.4047,1.39,1.3754,1.3646,1.3558,1.346,1.3372,1.3284,1.3167,1.3079,1.3001,1.2903,1.2825,1.2727,1.263,1.2542,1.2483,1.2424,1.2336,1.2258,1.2209,1.218,1.217,1.216,1.216,1.216,1.216,1.216,1.217,1.2199,1.2209,1.2219,1.2219,1.2219,1.2219,1.2199,1.218,1.217,1.2141,1.2092,1.2053,1.2053,1.2053,1.2033,1.2023,1.2004,1.1955,1.1916,1.1896,1.1906,1.1975,1.2151,1.2493,1.2981,1.3636,1.4575,1.5767,1.7195,1.8788,2.0469,2.2141,2.3715,2.5132,2.6325,2.7283,2.8016,2.8495,2.8749,2.8876,2.8905,2.8847,2.87,2.8504,2.827,2.8016,2.7781,2.7556,2.7341,2.7136,2.694,2.6774,2.6628,2.6461,2.6276,2.608,2.5865,2.5601,2.5279,2.4888,2.4438,2.3988,2.3509,2.2952,2.2375,2.1789,2.1193,2.0635,2.0156,1.9726,1.9365,1.9091,1.8895,1.8759,1.8651,1.8583,1.8563,1.8592,1.8651,1.871,1.8778,1.8817,1.8798,1.8749,1.869,1.8622,1.8553,1.8436,1.827,1.8074,1.7889,1.7713,1.7556,1.74,1.7234,1.7038,1.6823,1.6588,1.6344,1.6149,1.5953,1.5728,1.5523,1.5347,1.5171,1.5005,1.4848,1.4653,1.4487,1.433,1.4135,1.3988,1.3871,1.3724,1.3539,1.3372,1.3245,1.3148,1.306,1.1085,1.1222,1.1496,1.1975,1.2688,1.3656,1.4848,1.6207,1.7683,1.9003,2.0186,2.1457,2.2669,2.3734,2.4624,2.5279,2.5699,2.5924,2.5973,2.5904,2.5758,2.5552,2.5318,2.5044,2.4751,2.4477,2.4223,2.3969,2.3715,2.349,2.3284,2.305,2.2776,2.2473,2.2199,2.1916,2.1564,2.1153,2.0684,2.0176,1.9638,1.9081,1.8543,1.8074,1.7644,1.7234,1.6901,1.6637,1.6383,1.6178,1.6041,1.5963,1.5934,1.5934,1.5953,1.5973,1.5982,1.5992,1.5992,1.5992,1.5992,1.5992,1.5982,1.5943,1.5894,1.5816,1.5699,1.5552,1.5406,1.5269,1.5122,1.5024,1.4927,1.478,1.4604,1.4428,1.4242,1.4047,1.3871,1.3724,1.3578,1.3441,1.3333,1.3265,1.3226,1.3187,1.3138,1.3069,1.3001,1.2933,1.2835,1.2757,1.2678,1.26,1.2522,1.2473,1.2463,1.2473,1.2483,1.2483,1.2483,1.2483,1.2463,1.2366,1.2239,1.217,1.2141,1.2121,1.2111,1.2141,1.2219,1.2317,1.2414,1.2502,1.2561,1.26,1.2639,1.2659,1.2688,1.2717,1.2747,1.2796,1.2854,1.2913,1.2972,1.303,1.3079,1.3118,1.3157,1.3177,1.3167,1.3118,1.303,1.2952,1.2933,1.2962,1.3128,1.348,1.4047,1.4858,1.5914,1.7214,1.8739,2.0381,2.2033,2.3617,2.4878,2.5914,2.6921,2.7781,2.8456,2.8935,2.9228,2.9335,2.9296,2.915,2.8944,2.871,2.8465,2.8201,2.7937,2.7722,2.7556,2.739,2.7214,2.7028,2.6852,2.6686,2.651,2.6305,2.6041,2.5738,2.5396,2.4976,2.4477,2.391,2.3284,2.262,2.1984,2.1408,2.086,2.0352,1.9902,1.9531,1.9247,1.9032,1.8827,1.8622,1.8426,1.826,1.8152,1.8065,1.7986,1.7918,1.7849,1.7781,1.7713,1.7654,1.7576,1.7468,1.7351,1.7224,1.7087,1.6901,1.6686,1.6452,1.6197,1.5963,1.5748,1.5582,1.5435,1.5259,1.5083,1.4897,1.4702,1.4516,1.4321,1.4125,1.393,1.3754,1.3607,1.35,1.3412,1.3304,1.3187,1.306,1.2933,1.2805,1.2678,1.2551,1.2424,1.2297,1.217,1.2043,1.1945,1.1867,1.1779,1.172,1.1672,1.1613,1.1554,1.1496,1.1427,1.1359,1.13,1.1232,1.1202,1.1202,1.1202,1.1183,1.1144,1.1124,1.1114,1.1075,1.1046,1.1026,1.1007,1.0978,1.0997,1.1017,1.0997,1.0958,1.0899,1.0841,1.0782,1.0723,1.0674,1.0665,1.0694,1.0792,1.0997,1.1281,1.1672,1.2307,1.3196,1.433,1.565,1.7097,1.8612,2.0098,2.1496,2.2757,2.3822,2.4594,2.5122,2.5513,2.5748,2.5846,2.5836,2.5728,2.5562,2.5347,2.5112,2.4868,2.4604,2.4311,2.4018,2.3763,2.3519,2.3265,2.3001,2.2717,2.2434,2.2131,2.1808,2.1447,2.1046,2.0587,2.0147,1.9707,1.9189,1.8641,1.8113,1.7644,1.7214,1.6823,1.6481,1.6188,1.5943,1.5777,1.5689,1.566,1.566,1.5689,1.5728,1.5748,1.5758,1.5758,1.5758,1.5738,1.5699,1.565,1.5591,1.5552,1.5513,1.5464,1.5406,1.5347,1.5269,1.5152,1.4995,1.4819,1.4633,1.4448,1.4252,1.4066,1.39,1.3773,1.3646,1.3519,1.3392,1.3265,1.3128,1.3001,1.2903,1.2825,1.2737,1.2659,1.262,1.26,1.2561,1.2502,1.2424,1.2336,1.2268,1.2219,1.219,1.216,1.2131,1.2111,1.2102,1.2111,1.2141,1.2151,1.216,1.219,1.2239,1.2268,1.2278,1.2297,1.2336,1.2375,1.2395,1.2434,1.2493,1.2532,1.259,1.263,1.2678,1.2757,1.2825,1.2893,1.2942,1.2972,1.2981,1.2991,1.3011,1.3001,1.2962,1.2962,1.3021,1.3216,1.3597,1.4223,1.5103,1.6227,1.7556,1.9052,2.042,2.1691,2.3109,2.4526,2.5797,2.6843,2.7654,2.825,2.8661,2.8876,2.8935,2.8886,2.8759,2.8543,2.8299,2.8045,2.781,2.7595,2.741,2.7234,2.7048,2.6862,2.6676,2.6481,2.6295,2.607,2.5816,2.5562,2.5269,2.4907,2.4448,2.393,2.3372,2.2757,2.2111,2.1486,2.0909,2.0362,1.9892,1.9521,1.9189,1.8905,1.8671,1.8495,1.8368,1.828,1.8201,1.8133,1.8065,1.7996,1.7928,1.7879,1.784,1.7791,1.7713,1.7615,1.7498,1.7351,1.7146,1.6911,1.6696,1.65,1.6276,1.6061,1.5875,1.5689,1.5533,1.5396,1.523,1.5054,1.4868,1.4682,1.4487,1.4301,1.4106,1.3949,1.3822,1.3695,1.3568,1.3441,1.3314,1.3187,1.306,1.2933,1.2805,1.2678,1.2551,1.2463,1.2424,1.2356,1.2258,1.2141,1.2023,1.1935,1.1857,1.1789,1.174,1.1681,1.1623,1.1554,1.1525,1.1505,1.1466,1.1417,1.1388,1.1378,1.1359,1.1349,1.132,1.129,1.1281,1.1261,1.1251,1.1241,1.1202,1.1153,1.1095,1.1036,1.0978,1.0919,1.085,1.0792,1.0723,1.0674,1.0684,1.0782,1.0997,1.1369,1.1975,1.2805,1.3851,1.5112,1.652,1.8006,1.9482,2.089,2.218,2.3177,2.3939,2.4604,2.5112,2.5435,2.5572,2.5582,2.5474,2.5288,2.5073,2.4819,2.4555,2.4291,2.4027,2.3783,2.3568,2.3363,2.3138,2.2893,2.2649,2.2366,2.2063,2.173,2.1378,2.0978,2.0567,2.0137,1.9638,1.9101,1.8543,1.7996,1.7468,1.6979,1.654,1.6168,1.5865,1.566,1.5523,1.5435,1.5406,1.5415,1.5435,1.5474,1.5523,1.5562,1.5582,1.5591,1.5601,1.5601,1.5601,1.5601,1.5591,1.5552,1.5484,1.5386,1.5269,1.5132,1.4985,1.4848,1.4702,1.4536,1.435,1.4164,1.4008,1.3871,1.3705,1.3539,1.3392,1.3255,1.3118,1.3001,1.2884,1.2757,1.263,1.2522,1.2463,1.2434,1.2405,1.2375,1.2326,1.2258,1.217,1.2092,1.2023,1.1955,1.1906,1.1887,1.1877,1.1887,1.1906,1.1916,1.1926,1.1926,1.1926,1.1926,1.1926,1.1926,1.1926,1.1926,1.1926,1.1945,1.1965,1.1994,1.2043,1.2082,1.2131,1.2209,1.2278,1.2356,1.2444,1.2512,1.2542,1.2561,1.2581,1.2571,1.2542,1.2522,1.2542,1.2669,1.2942,1.3402,1.4086,1.4995,1.6109,1.7429,1.868,1.9912,2.132,2.2747,2.4096,2.5318,2.6364,2.7195,2.782,2.826,2.8543,2.869,2.871,2.8612,2.8416,2.8192,2.7967,2.7752,2.7546,2.7351,2.7155,2.696,2.6764,2.6569,2.6373,2.6168,2.5963,2.5767,2.5543,2.5269,2.4936,2.4536,2.4096,2.3617,2.3069,2.2502,2.1935,2.1359,2.086,2.0401,1.9961,1.958,1.9257,1.9003,1.8807,1.868,1.8583,1.8504,1.8426,1.8358,1.8289,1.8221,1.8152,1.8094,1.8025,1.7928,1.7801,1.7674,1.7546,1.7419,1.7253,1.7077,1.6921,1.6745,1.653,1.6295,1.6051,1.5816,1.5601,1.5396,1.52,1.5005,1.4809,1.4614,1.4418,1.4242,1.4066,1.39,1.3754,1.3617,1.348,1.3353,1.3216,1.3089,1.2972,1.2864,1.2747,1.2659,1.2581,1.2473,1.2356,1.2239,1.2111,1.1984,1.1877,1.1789,1.1711,1.1652,1.1623,1.1593,1.1584,1.1574,1.1574,1.1574,1.1574,1.1574,1.1574,1.1574,1.1535,1.1486,1.1427,1.1369,1.1339,1.132,1.1281,1.1232,1.1202,1.1193,1.1153,1.1105,1.1046,1.0987,1.0919,1.089,1.0919,1.1036,1.1251,1.1623,1.2209,1.304,1.4086,1.5347,1.6784,1.8299,1.9795,2.1222,2.2522,2.3509,2.4262,2.4917,2.5406,2.5728,2.5894,2.5914,2.5826,2.567,2.5455,2.522,2.4976,2.4721,2.4467,2.4213,2.3939,2.3656,2.3382,2.3138,2.2893,2.263,2.2336,2.2023,2.1691,2.13,2.089,2.045,1.9902,1.9326,1.8739,1.8172,1.7634,1.7116,1.6647,1.6237,1.5904,1.566,1.5494,1.5396,1.5357,1.5367,1.5406,1.5464,1.5533,1.5601,1.564,1.566,1.567,1.566,1.5621,1.5582,1.5552,1.5503,1.5445,1.5367,1.5279,1.5171,1.5024,1.4848,1.4663,1.4477,1.4282,1.4086,1.393,1.3793,1.3675,1.3568,1.3451,1.3353,1.3275,1.3177,1.3099,1.3011,1.2893,1.2776,1.2678,1.26,1.2493,1.2385,1.2297,1.2209,1.2092,1.1965,1.1857,1.1769,1.1691,1.1632,1.1603,1.1603,1.1623,1.1632,1.1642,1.1623,1.1603,1.1593,1.1584,1.1584,1.1584,1.1584,1.1584,1.1593,1.1623,1.1632,1.1642,1.1642,1.1662,1.1701,1.1769,1.1857,1.1935,1.1994,1.2023,1.2033,1.2053,1.2063,1.2053,1.2053,1.2082,1.2219,1.2522,1.3021,1.3763,1.477,1.5992,1.741,1.8759,2.0059,2.1544,2.306,2.4477,2.5718,2.6764,2.7586,2.8182,2.8563,2.8759,2.8788,2.8671,2.8475,2.828,2.8094,2.7918,2.7761,2.7634,2.7488,2.7312,2.7126,2.6931,2.6735,2.653,2.6325,2.6109,2.5865,2.5591,2.5269,2.4868,2.4418,2.393,2.3382,2.2805,2.2229,2.1672,2.1173,2.0704,2.0225,1.9775,1.9384,1.9052,1.8807,1.8631,1.8514,1.8416,1.8338,1.826,1.8192,1.8143,1.8094,1.8035,1.7977,1.7918,1.7849,1.7771,1.7664,1.7537,1.739,1.7234,1.7058,1.6872,1.6676,1.6442,1.6188,1.5943,1.5728,1.3959,1.3812,1.3666,1.3519,1.3363,1.3216,1.306,1.2913,1.2757,1.2649,1.2551,1.2434,1.2297,1.2151,1.2004,1.1896,1.1799,1.1691,1.1623,1.1574,1.1427,1.1457,1.1486,1.1486,1.1486,1.1505,1.1535,1.1544,1.1535,1.1486,1.1466,1.1496,1.1525,1.1593,1.174,1.2023,1.2561,1.3363,1.4399,1.567,1.7136,1.8739,2.0411,2.2072,2.3617,2.4995,2.6041,2.6833,2.7527,2.8045,2.8387,2.8573,2.8651,2.8612,2.8475,2.8338,2.8192,2.8065,2.7957,2.7869,2.7781,2.7703,2.7625,2.7527,2.7429,2.7302,2.7165,2.6979,2.6735,2.6422,2.6041,2.564,2.522,2.4702,2.4125,2.3539,2.2942,2.2336,2.175,2.1232,2.0782,2.0411,2.0108,1.9883,1.9736,1.9619,1.955,1.9531,1.9541,1.956,1.9589,1.9609,1.9638,1.9648,1.9619,1.956,1.9501,1.9433,1.9316,1.9169,1.9003,1.8817,1.8651,1.8495,1.8358,1.8231,1.8094,1.7967,1.7869,1.7761,1.7634,1.7498,1.7351,1.7185,1.6989,1.6794,1.6618,1.6461,1.6325,1.6227,1.6109,1.6002,1.5894,1.5767,1.5621,1.5435,1.523,1.5034,1.4858,1.4712,1.4604,1.4506,1.4418,1.434,1.4262,1.4164,1.4037,1.392,1.3822,1.3715,1.3627,1.3548,1.347,1.3412,1.3363,1.3333,1.3343,1.3363,1.3372,1.3343,1.3245,1.3167,1.3109,1.306,1.303,1.3021,1.2991,1.2942,1.2913,1.2884,1.2796,1.2669,1.2532,1.2385,1.2278,1.2239,1.2317,1.2561,1.3011,1.3695,1.4624,1.5601,1.6657,1.7986,1.9492,2.1046,2.2542,2.392,2.5122,2.61,2.6843,2.7341,2.7634,2.7722,2.7674,2.7546,2.7351,2.7107,2.6823,2.653,2.6237,2.5953,2.5699,2.5455,2.522,2.4985,2.4761,2.4536,2.4282,2.3988,2.3666,2.3314,2.2913,2.2463,2.1955,2.1417,2.0841,2.0215,1.9629,1.913,1.8651,1.8182,1.7722,1.7302,1.696,1.6686,1.6481,1.6334,1.6266,1.6227,1.6207,1.6197,1.6197,1.6197,1.6197,1.6178,1.6149,1.6119,1.607,1.5982,1.5885,1.5758,1.5582,1.5415,1.5298,1.5161,1.4976,1.477,1.4555,1.433,1.4106,1.39,1.3715,1.3548,1.3392,1.3236,1.3118,1.3021,1.2893,1.2757,1.263,1.2532,1.2424,1.2336,1.2248,1.2131,1.2033,1.1945,1.1867,1.1828,1.1769,1.1662,1.1574,1.1505,1.1457,1.1427,1.1417,1.1408,1.1408,1.1408,1.1408,1.1427,1.1437,1.1417,1.1408,1.1408,1.1388,1.1378,1.1369,1.1349,1.1339,1.1339,1.1339,1.1349,1.1378,1.1388,1.1398,1.1398,1.1398,1.1398,1.1398,1.1398,1.1398,1.1378,1.1369,1.1388,1.1378,1.1359,1.1359,1.1398,1.1515,1.1799,1.2346,1.3167,1.4262,1.563,1.7204,1.8905,2.042,2.1828,2.3353,2.4819,2.6119,2.7214,2.8065,2.868,2.9081,2.9306,2.9394,2.9384,2.9257,2.9081,2.8905,2.8739,2.8592,2.8446,2.8319,2.8201,2.8084,2.7967,2.783,2.7683,2.7537,2.7351,2.7107,2.6823,2.65,2.6109,2.566,2.5152,2.4575,2.3949,2.3304,2.2678,2.2063,2.1525,2.1085,2.0694,2.0362,2.0088,1.9873,1.9746,1.9707,1.9717,1.9765,1.9824,1.9892,1.9932,1.9912,1.9863,1.9795,1.9726,1.9658,1.958,1.9501,1.9413,1.9267,1.9081,1.8895,1.8729,1.8583,1.8456,1.8319,1.8172,1.8016,1.7869,1.7625,1.7331,1.7107,1.6921,1.6755,1.6598,1.6452,1.6325,1.6197,1.607,1.5934,1.5797,1.565,1.5523,1.5425,1.5318,1.5191,1.5073,1.4946,1.4829,1.4731,1.4624,1.4516,1.4389,1.4272,1.4154,1.4047,1.393,1.3822,1.3734,1.3627,1.3539,1.35,1.348,1.347,1.346,1.346,1.346,1.346,1.3421,1.3363,1.3314,1.3275,1.3255,1.3265,1.3284,1.3275,1.3236,1.3157,1.3089,1.3011,1.2903,1.2776,1.2659,1.2581,1.2542,1.2561,1.2659,1.2893,1.3324,1.3978,1.4868,1.5992,1.7322,1.8788,2.0332,2.1877,2.3324,2.4594,2.5543,2.6237,2.6804,2.7195,2.7449,2.7556,2.7517,2.739,2.7195,2.695,2.6686,2.6403,2.6119,2.5826,2.5533,2.5259,2.5015,2.478,2.4555,2.4291,2.3978,2.3636,2.3265,2.2864,2.2424,2.1984,2.1525,2.0987,2.0381,1.9756,1.911,1.8475,1.7898,1.739,1.696,1.6608,1.6344,1.6158,1.6051,1.5992,1.5963,1.5953,1.5943,1.5943,1.5924,1.5894,1.5885,1.5855,1.5806,1.5748,1.5699,1.564,1.5523,1.5386,1.5249,1.5083,1.4927,1.4761,1.4565,1.436,1.4145,1.393,1.3763,1.3646,1.3509,1.3372,1.3226,1.3079,1.2933,1.2786,1.2639,1.2493,1.2346,1.2199,1.2053,1.1945,1.1857,1.1779,1.1701,1.1603,1.1525,1.1466,1.1417,1.1378,1.1359,1.1349,1.1339,1.1349,1.1359,1.1349,1.132,1.129,1.1271,1.1281,1.131,1.132,1.1329,1.1329,1.1329,1.1329,1.1329,1.1329,1.1329,1.1329,1.1329,1.1329,1.131,1.13,1.13,1.13,1.13,1.1261,1.1261,1.13,1.13,1.1261,1.1202,1.1134,1.1085,1.1075,1.1144,1.1329,1.1711,1.2385,1.3324,1.4321,1.5425,1.6813,1.8387,2.0059,2.172,2.3284,2.4682,2.5885,2.6852,2.7566,2.8055,2.8299,2.8387,2.8387,2.8299,2.8162,2.8006,2.783,2.7674,2.7517,2.739,2.7273,2.7136,2.7019,2.6882,2.6745,2.6618,2.6461,2.6256,2.6012,2.5699,2.5347,2.4946,2.4487,2.3969,2.3402,2.2874,2.2375,2.1828,2.1261,2.0723,2.0254,1.9834,1.9443,1.9101,1.8837,1.8651,1.8553,1.8543,1.8563,1.8583,1.8631,1.869,1.8759,1.8798,1.8778,1.8729,1.8671,1.8602,1.8495,1.8348,1.827,1.8221,1.8123,1.8006,1.7869,1.7732,1.7586,1.7439,1.7292,1.7146,1.6999,1.6843,1.6647,1.6461,1.6295,1.6158,1.6041,1.5924,1.5816,1.5709,1.5582,1.5445,1.5318,1.52,1.5103,1.5044,1.4976,1.4888,1.478,1.4673,1.4545,1.4409,1.4291,1.4154,1.4037,1.3939,1.3851,1.3773,1.3734,1.3715,1.3685,1.3636,1.3578,1.3529,1.347,1.3421,1.3392,1.3382,1.3372,1.3372,1.3392,1.3402,1.3343,1.3245,1.3157,1.3099,1.303,1.2981,1.2952,1.2903,1.2805,1.2688,1.2551,1.2463,1.2424,1.2385,1.2385,1.2493,1.2766,1.3245,1.3998,1.4995,1.6197,1.7605,1.913,2.0479,2.1701,2.3001,2.4252,2.5357,2.6256,2.6921,2.7361,2.7605,2.7654,2.7566,2.74,2.7165,2.6882,2.6559,2.6237,2.5934,2.563,2.5347,2.5083,2.4809,2.4526,2.4233,2.392,2.3587,2.3275,2.2972,2.262,2.219,2.1681,2.1134,2.0547,1.9922,1.9286,1.8661,1.8084,1.7586,1.7165,1.6833,1.652,1.6276,1.6119,1.6002,1.5943,1.5953,1.5992,1.6031,1.6051,1.6061,1.6041,1.6022,1.6012,1.5982,1.5934,1.5875,1.5806,1.5738,1.563,1.5464,1.5279,1.5073,1.4858,1.4682,1.4516,1.4321,1.4115,1.391,1.3715,1.3519,1.3314,1.3118,1.2952,1.2796,1.2639,1.2493,1.2385,1.2287,1.217,1.2033,1.1896,1.176,1.1632,1.1535,1.1447,1.1369,1.129,1.1232,1.1222,1.1241,1.1261,1.129,1.1329,1.1378,1.1447,1.1496,1.1525,1.1535,1.1544,1.1544,1.1544,1.1564,1.1574,1.1564,1.1535,1.1525,1.1535,1.1544,1.1544,1.1544,1.1544,1.1544,1.1544,1.1544,1.1544,1.1544,1.1544,1.1544,1.1525,1.1476,1.1417,1.1349,1.1281,1.1232,1.1222,1.131,1.1496,1.1828,1.2395,1.3206,1.4291,1.563,1.7175,1.8856,2.0577,2.2258,2.3832,2.522,2.6237,2.695,2.7527,2.7918,2.8152,2.825,2.825,2.8162,2.8006,2.782,2.7634,2.7468,2.7331,2.7185,2.7038,2.6931,2.6843,2.6745,2.6618,2.6481,2.6325,2.6119,2.5875,2.5582,2.5239,2.4868,2.4457,2.3959,2.3382,2.2747,2.2063,2.1417,2.0841,2.0313,1.9844,1.9453,1.912,1.8866,1.868,1.8553,1.8456,1.8387,1.8368,1.8397,1.8504,1.8641,1.8749,1.8798,1.8788,1.8749,1.869,1.8622,1.8534,1.8416,1.828,1.8133,1.7986,1.784,1.7693,1.7546,1.74,1.7214,1.7009,1.6833,1.6657,1.6471,1.6325,1.6217,1.6129,1.6031,1.5924,1.5816,1.5689,1.5572,1.5455,1.5357,1.5269,1.5152,1.5034,1.4927,1.48,1.4653,1.4506,1.436,1.4213,1.4066,1.3959,1.3891,1.3851,1.3851,1.3851,1.3851,1.3851,1.3832,1.3803,1.3754,1.3695,1.3646,1.3578,1.3529,1.3519,1.3539,1.3529,1.3509,1.346,1.3372,1.3294,1.3196,1.3118,1.304,1.2942,1.2854,1.2796,1.2727,1.262,1.2493,1.2375,1.2297,1.2258,1.2287,1.2473,1.2884,1.3548,1.4477,1.563,1.6755,1.7947,1.9384,2.0899,2.2414,2.3861,2.5142,2.6227,2.7087,2.7683,2.8035,2.8172,2.8133,2.7977,2.7771,2.7527,2.7253,2.697,2.6676,2.6344,2.5992,2.5591,2.5249,2.5015,2.4751,2.4457,2.4145,2.3803,2.3441,2.306,2.2639,1.2063,1.2141,1.2199,1.2248,1.2268,1.2278,1.2287,1.2287,1.2326,1.2434,1.2659,1.305,1.3666,1.4555,1.5718,1.7107,1.869,2.0401,2.2131,2.3793,2.5308,2.6471,2.7361,2.8172,2.8817,2.9286,2.9599,2.9775,2.9844,2.9804,2.9687,2.9541,2.9374,2.9218,2.9032,2.8827,2.8631,2.8436,2.827,2.8094,2.7918,2.7752,2.7595,2.741,2.7165,2.6862,2.6491,2.6061,2.5552,2.4966,2.435,2.3724,2.3099,2.2473,2.1867,2.13,2.0821,2.0401,2.002,1.9717,1.9492,1.9326,1.9208,1.911,1.9042,1.8993,1.8935,1.8866,1.8788,1.8719,1.8622,1.8524,1.8416,1.8289,1.8152,1.8016,1.7869,1.7722,1.7537,1.7302,1.7038,1.6794,1.6579,1.6383,1.6227,1.608,1.5894,1.5689,1.5484,1.5337,1.521,1.5024,1.4829,1.4624,1.4438,1.4272,1.4154,1.4076,1.3988,1.3871,1.3783,1.3705,1.3597,1.347,1.3333,1.3196,1.306,1.2923,1.2825,1.2776,1.2747,1.2717,1.2659,1.2581,1.2473,1.2356,1.2239,1.2151,1.2063,1.2023,1.2004,1.1994,1.1984,1.1945,1.1896,1.1838,1.1769,1.1701,1.1632,1.1564,1.1496,1.1427,1.1359,1.132,1.1339,1.1349,1.132,1.1271,1.1212,1.1144,1.1114,1.1153,1.131,1.1632,1.216,1.2942,1.3803,1.477,1.6031,1.7517,1.9071,2.0616,2.2082,2.3372,2.4448,2.5298,2.5934,2.6373,2.6598,2.6637,2.6588,2.6461,2.6256,2.6012,2.5758,2.5484,2.523,2.4995,2.4761,2.4516,2.4291,2.4076,2.3832,2.3539,2.3236,2.2903,2.2532,2.2121,2.1652,2.1144,2.0596,2.001,1.9404,1.8856,1.8348,1.782,1.7283,1.6784,1.6383,1.608,1.5875,1.5758,1.5709,1.5718,1.5767,1.5826,1.5885,1.5953,1.6022,1.609,1.6158,1.6227,1.6295,1.6325,1.6305,1.6246,1.6129,1.5982,1.5875,1.5767,1.563,1.5494,1.5337,1.5152,1.4956,1.4761,1.4575,1.4409,1.4262,1.4115,1.3969,1.3861,1.3773,1.3666,1.3539,1.3402,1.3265,1.3128,1.2991,1.2854,1.2717,1.259,1.2493,1.2434,1.2366,1.2278,1.2219,1.217,1.2151,1.216,1.216,1.216,1.216,1.216,1.216,1.216,1.218,1.2209,1.2199,1.218,1.217,1.217,1.217,1.217,1.217,1.217,1.217,1.217,1.218,1.2209,1.2219,1.2229,1.2248,1.2278,1.2287,1.2297,1.2297,1.2278,1.2258,1.2258,1.2366,1.2571,1.2903,1.347,1.4311,1.5425,1.6774,1.8319,1.999,2.1701,2.3333,2.4829,2.6139,2.7087,2.7752,2.8309,2.8729,2.9003,2.914,2.9179,2.915,2.9042,2.8886,2.8719,2.8563,2.8416,2.826,2.8113,2.8006,2.7918,2.782,2.7683,2.7507,2.7322,2.7107,2.6823,2.6452,2.6012,2.5562,2.5112,2.4594,2.4018,2.3431,2.2845,2.2258,2.1681,2.1153,2.0704,2.0303,1.9961,1.9707,1.9521,1.9394,1.9316,1.9296,1.9316,1.9326,1.9335,1.9335,1.9306,1.9257,1.9179,1.9052,1.8905,1.8759,1.8622,1.8475,1.8338,1.8182,1.7977,1.7771,1.7566,1.7322,1.7067,1.6813,1.6569,1.6325,1.61,1.5885,1.567,1.5455,1.522,1.4976,1.4751,1.4526,1.4311,1.4125,1.3978,1.3871,1.3803,1.3734,1.3646,1.3529,1.3402,1.3265,1.3128,1.2981,1.2854,1.2757,1.2659,1.259,1.2551,1.2502,1.2444,1.2356,1.2278,1.2199,1.2131,1.2072,1.2014,1.1965,1.1906,1.1818,1.1779,1.1779,1.1779,1.176,1.1711,1.1652,1.1584,1.1515,1.1447,1.1378,1.131,1.1232,1.1193,1.1173,1.1134,1.1075,1.1017,1.0987,1.1026,1.1144,1.1398,1.1848,1.2581,1.3607,1.4848,1.6051,1.7292,1.8759,2.0293,2.1789,2.3148,2.4301,2.5259,2.5982,2.6491,2.6813,2.6979,2.6989,2.6891,2.6716,2.6481,2.6217,2.5943,2.565,2.5357,2.5103,2.4878,2.4653,2.4438,2.4184,2.3891,2.3587,2.3255,2.2893,2.2502,2.2072,2.1593,2.1046,2.045,1.9834,1.9208,1.8592,1.8065,1.7586,1.7097,1.6676,1.6344,1.609,1.5914,1.5787,1.5689,1.564,1.5611,1.5601,1.563,1.5679,1.5738,1.5806,1.5855,1.5865,1.5836,1.5787,1.5718,1.565,1.5582,1.5513,1.5425,1.5327,1.521,1.5044,1.4848,1.4653,1.4448,1.4252,1.4086,1.393,1.3773,1.3646,1.3548,1.3441,1.3353,1.3275,1.3167,1.304,1.2923,1.2825,1.2727,1.261,1.2473,1.2375,1.2287,1.217,1.2092,1.2053,1.2004,1.1935,1.1867,1.1818,1.1799,1.1789,1.1779,1.1779,1.176,1.175,1.174,1.174,1.176,1.1769,1.1769,1.1769,1.1769,1.1769,1.1769,1.1769,1.1769,1.1769,1.1769,1.1769,1.1769,1.1769,1.1769,1.1769,1.1769,1.1769,1.1769,1.1769,1.1789,1.1867,1.2082,1.2512,1.3089,1.3861,1.4936,1.6276,1.7849,1.9599,2.1408,2.3148,2.4751,2.6158,2.7341,2.827,2.8866,2.9179,2.9355,2.9423,2.9384,2.9257,2.9091,2.8905,2.87,2.8495,2.828,2.8065,2.7849,2.7615,2.739,2.7214,2.7048,2.6901,2.6755,2.6569,2.6334,2.6061,2.5728,2.5327,2.4858,2.4379,2.3871,2.3275,2.262,2.1975,2.1378,2.0831,2.0342,1.9941,1.9619,1.9384,1.9228,1.912,1.9022,1.8944,1.8866,1.8788,1.8739,1.871,1.87,1.869,1.8671,1.8622,1.8543,1.8436,1.8328,1.8221,1.8094,1.7947,1.7761,1.7566,1.7302,1.7019,1.6784,1.6559,1.6325,1.608,1.5885,1.5718,1.5533,1.5327,1.5122,1.4907,1.4692,1.4477,1.4262,1.4047,1.3861,1.3734,1.3636,1.3587,1.3548,1.349,1.3421,1.3324,1.3196,1.306,1.2923,1.2786,1.2659,1.2561,1.2493,1.2473,1.2483,1.2493,1.2473,1.2454,1.2405,1.2307,1.2229,1.2151,1.2072,1.1994,1.1848,1.1711,1.1642,1.1603,1.1564,1.1525,1.1505,1.1476,1.1427,1.1369,1.13,1.1232,1.1163,1.1095,1.1056,1.1036,1.0997,1.0978,1.0997,1.1065,1.1222,1.1554,1.2121,1.2962,1.4076,1.5425,1.696,1.8377,1.9677,2.1075,2.2463,2.3715,2.477,2.564,2.6295,2.6706,2.6911,2.6979,2.694,2.6794,2.6579,2.6325,2.6061,2.5767,2.5435,2.5132,2.4868,2.4633,2.4409,2.4184,2.393,2.3636,2.3343,2.306,2.2737,2.2336,2.1857,2.129,2.0684,2.002,1.9326,1.8671,1.8065,1.7488,1.7019,1.6637,1.6305,1.6041,1.5816,1.565,1.5533,1.5435,1.5386,1.5396,1.5435,1.5494,1.5562,1.563,1.566,1.564,1.5601,1.5543,1.5474,1.5406,1.5298,1.5161,1.5015,1.4858,1.4673,1.4506,1.4379,1.4252,1.4076,1.39,1.3773,1.3675,1.3558,1.3421,1.3284,1.3148,1.3001,1.2854,1.2747,1.2659,1.2542,1.2414,1.2278,1.2141,1.1994,1.1867,1.1769,1.1681,1.1603,1.1544,1.1515,1.1486,1.1466,1.1457,1.1417,1.1369,1.132,1.13,1.129,1.13,1.1329,1.1359,1.1408,1.1447,1.1466,1.1476,1.1486,1.1486,1.1486,1.1486,1.1486,1.1486,1.1486,1.1486,1.1486,1.1505,1.1535,1.1554,1.1564,1.1544,1.1496,1.1437,1.1398,1.1388,1.1417,1.1505,1.173,1.219,1.2796,1.3578,1.4692,1.607,1.7664,1.9394,2.1173,2.2913,2.4516,2.5943,2.7165,2.8113,2.8719,2.9071,2.9316,2.9443,2.9453,2.9365,2.9218,2.9032,2.8817,2.8583,2.8358,2.8133,2.7898,2.7654,2.7429,2.7224,2.7048,2.6852,2.6608,2.6344,2.607,2.5767,2.5425,2.5015,2.4536,2.4047,2.3539,2.2962,2.2346,2.173,2.1153,2.0616,2.0127,1.9726,1.9394,1.914,1.8964,1.8837,1.8739,1.8651,1.8592,1.8563,1.8543,1.8514,1.8504,1.8495,1.8456,1.8407,1.8338,1.827,1.8152,1.7996,1.784,1.7693,1.7527,1.7322,1.7067,1.6823,1.6588,1.6383,1.6188,1.5982,1.5806,1.5689,1.5562,1.5386,1.5191,1.5005,1.4839,1.4663,1.4467,1.4262,1.4047,1.3832,1.3636,1.35,1.3392,1.3275,1.3157,1.306,1.3001,1.2952,1.2893,1.2845,1.2796,1.2737,1.2669,1.2639,1.261,1.2561,1.2512,1.2454,1.2366,1.2287,1.2248,1.219,1.2092,1.1975,1.1838,1.172,1.1662,1.1652,1.1623,1.1593,1.1584,1.1554,1.1486,1.1378,1.1271,1.1183,1.1105,1.1026,1.0987,1.0987,1.1007,1.1046,1.1124,1.129,1.1623,1.2219,1.3118,1.4233,1.5543,1.7067,1.871,2.0147,2.1427,2.2757,2.3978,2.5034,2.5875,2.6432,2.6774,2.694,2.695,2.6862,2.6716,2.65,2.6246,2.5953,2.565,2.5347,2.5054,2.478,2.4536,2.4311,2.4047,2.3754,2.3441,2.3109,2.2776,2.2434,2.2033,2.1554,2.1007,2.0411,1.9775,1.9071,1.8377,1.7742,1.7136,1.6569,1.6119,1.5787,1.5494,1.5279,1.5152,1.5103,1.5122,1.5161,1.522,1.5288,1.5337,1.5367,1.5357,1.5337,1.5327,1.5308,1.5259,1.52,1.5132,1.5024,1.4868,1.4682,1.4477,1.4242,1.4008,1.3812,1.3666,1.3519,1.3372,1.3226,1.3079,1.1359,1.1359,1.1359,1.1359,1.1359,1.1359,1.1359,1.1369,1.1398,1.1408,1.1417,1.1417,1.1417,1.1417,1.1417,1.1398,1.1378,1.1369,1.1359,1.1369,1.1398,1.1408,1.1417,1.1417,1.1398,1.1378,1.1369,1.1378,1.1486,1.1789,1.2326,1.3148,1.4066,1.5161,1.6608,1.8289,2.0098,2.1926,2.3685,2.5327,2.6784,2.7996,2.8915,2.957,2.9932,3.0098,3.0196,3.0215,3.0137,2.9971,2.9746,2.9511,2.9267,2.9062,2.8915,2.8807,2.869,2.8553,2.8416,2.826,2.8094,2.7908,2.7674,2.7361,2.6989,2.6579,2.6109,2.5552,2.4936,2.436,2.3724,2.3001,2.2317,2.1672,2.1065,2.0518,2.0049,1.9638,1.9296,1.9032,1.8847,1.8719,1.8622,1.8553,1.8534,1.8563,1.8573,1.8543,1.8495,1.8436,1.8358,1.824,1.8094,1.7918,1.7761,1.7625,1.7488,1.7351,1.7175,1.695,1.6696,1.6422,1.6149,1.5865,1.5601,1.5367,1.5181,1.5034,1.4888,1.4731,1.4545,1.435,1.4145,1.393,1.3724,1.3509,1.3314,1.3148,1.2991,1.2884,1.2786,1.2669,1.2542,1.2405,1.2287,1.219,1.2121,1.2072,1.2014,1.1945,1.1877,1.1828,1.1769,1.1701,1.1632,1.1544,1.1466,1.1378,1.1261,1.1144,1.1075,1.1017,1.0987,1.0997,1.1017,1.1026,1.1017,1.0987,1.0938,1.088,1.0811,1.0743,1.0674,1.0645,1.0626,1.0577,1.0557,1.0547,1.0508,1.045,1.0391,1.0342,1.0352,1.0499,1.0831,1.1388,1.2199,1.3294,1.4673,1.6012,1.737,1.8993,2.0665,2.2248,2.3656,2.4858,2.5816,2.65,2.6931,2.7146,2.7204,2.7126,2.694,2.6706,2.6452,2.6178,2.5904,2.5621,2.5337,2.5054,2.478,2.4516,2.4282,2.4037,2.3793,2.3529,2.3216,2.2845,2.2434,2.1984,2.1437,2.0811,2.0127,1.9413,1.87,1.8025,1.7478,1.7009,1.6549,1.6119,1.5767,1.5503,1.5318,1.5191,1.5112,1.5093,1.5112,1.5161,1.522,1.5279,1.5347,1.5396,1.5425,1.5415,1.5376,1.5327,1.5269,1.52,1.5132,1.5024,1.4868,1.4741,1.4633,1.4497,1.4321,1.4125,1.392,1.3715,1.3509,1.3333,1.3187,1.305,1.2913,1.2766,1.2659,1.2571,1.2454,1.2346,1.2239,1.2111,1.1975,1.1838,1.1701,1.1564,1.1427,1.1281,1.1173,1.1105,1.1036,1.0997,1.0978,1.0968,1.0987,1.0997,1.0997,1.0997,1.0997,1.0997,1.0997,1.1017,1.1046,1.1056,1.1065,1.1065,1.1065,1.1065,1.1046,1.1026,1.1017,1.1007,1.1007,1.1017,1.1046,1.1056,1.1065,1.1065,1.1065,1.1065,1.1046,1.1007,1.0948,1.0919,1.0938,1.1007,1.1163,1.1486,1.2053,1.2903,1.4037,1.5415,1.7019,1.8817,2.0684,2.2522,2.4213,2.5699,2.6794,2.7605,2.8328,2.8876,2.9198,2.9345,2.9365,2.9286,2.912,2.8895,2.8661,2.8436,2.8201,2.7957,2.7752,2.7576,2.7429,2.7312,2.7175,2.7019,2.6931,2.6852,2.6667,2.6432,2.6129,2.5758,2.5308,2.479,2.4223,2.3587,2.2903,2.219,2.1486,2.0821,2.0215,1.9687,1.9277,1.8974,1.8749,1.8583,1.8465,1.8368,1.8289,1.8231,1.8182,1.8123,1.8055,1.7986,1.7908,1.783,1.7761,1.7683,1.7595,1.7478,1.7341,1.7204,1.7058,1.6872,1.6637,1.6373,1.609,1.5806,1.5572,1.5386,1.5181,1.4966,1.4731,1.4487,1.4252,1.4027,1.3803,1.3578,1.3353,1.3148,1.2972,1.2854,1.2757,1.263,1.2493,1.2356,1.2229,1.2111,1.1975,1.1838,1.1691,1.1544,1.1398,1.129,1.1241,1.1193,1.1134,1.1085,1.1026,1.0919,1.0811,1.0723,1.0645,1.0567,1.0489,1.045,1.0469,1.0499,1.0508,1.0518,1.0518,1.0518,1.0518,1.0499,1.0459,1.0401,1.0332,1.0264,1.0225,1.0205,1.0156,1.0098,1.0029,0.99609,0.98925,0.98534,0.98925,1.0059,1.042,1.1026,1.1916,1.2893,1.4008,1.5445,1.7097,1.8847,2.0567,2.216,2.3568,2.4751,2.565,2.6266,2.6647,2.6804,2.6794,2.6716,2.6559,2.6334,2.6061,2.5758,2.5455,2.5161,2.4868,2.4594,2.434,2.4106,2.3881,2.3617,2.3324,2.3011,2.2669,2.2297,2.1867,2.1378,2.0802,2.0166,1.9521,1.8847,1.825,1.7732,1.7175,1.6608,1.6061,1.5611,1.5259,1.4985,1.48,1.4702,1.4692,1.4721,1.477,1.4839,1.4907,1.4976,1.5044,1.5103,1.5112,1.5083,1.5024,1.4966,1.4878,1.4741,1.4604,1.4497,1.437,1.4194,1.3998,1.3783,1.3568,1.3353,1.3148,1.2972,1.2815,1.2659,1.2512,1.2366,1.2258,1.216,1.2043,1.1926,1.1828,1.173,1.1603,1.1447,1.1281,1.1124,1.0968,1.0841,1.0772,1.0743,1.0684,1.0626,1.0557,1.0489,1.0411,1.0362,1.0332,1.0323,1.0332,1.0352,1.0401,1.0459,1.0489,1.0528,1.0567,1.0596,1.0635,1.0674,1.0694,1.0704,1.0723,1.0733,1.0743,1.0762,1.0792,1.0802,1.0792,1.0772,1.0762,1.0753,1.0753,1.0753,1.0753,1.0753,1.0753,1.0753,1.0753,1.0753,1.0762,1.0841,1.1065,1.1544,1.2317,1.3402,1.4809,1.6452,1.826,2.0186,2.1848,2.3304,2.48,2.6197,2.739,2.8319,2.8983,2.9404,2.9638,2.9717,2.9677,2.955,2.9345,2.911,2.8915,2.8749,2.8553,2.8368,2.8182,2.7996,2.783,2.7654,2.7458,2.7253,2.7058,2.6852,2.6598,2.6285,2.5914,2.5474,2.4956,2.4389,2.3734,2.3021,2.2297,2.1593,2.0948,2.042,1.9971,1.955,1.9169,1.8856,1.8622,1.8465,1.8377,1.8328,1.8309,1.8299,1.8289,1.827,1.8221,1.8162,1.8094,1.8025,1.7947,1.7859,1.7742,1.7605,1.7468,1.7322,1.7155,1.6979,1.6823,1.6637,1.6432,1.6217,1.5963,1.5709,1.5474,1.523,1.4976,1.4721,1.4448,1.4184,1.3939,1.3744,1.3578,1.3402,1.3236,1.3079,1.2952,1.2835,1.2717,1.262,1.2522,1.2434,1.2356,1.2278,1.2199,1.2092,1.1965,1.1828,1.1681,1.1554,1.1457,1.1388,1.132,1.1251,1.1173,1.1085,1.1017,1.0987,1.0968,1.0938,1.089,1.087,1.086,1.0811,1.0753,1.0684,1.0655,1.0635,1.0645,1.0694,1.0694,1.0655,1.0606,1.0538,1.0469,1.0401,1.0332,1.0235,1.0137,1.0068,1.0068,1.0186,1.044,1.0899,1.1623,1.263,1.3861,1.5318,1.696,1.868,2.0371,2.1945,2.3353,2.4409,2.5191,2.5894,2.6432,2.6755,2.6882,2.6872,2.6774,2.6598,2.6364,2.61,2.5816,2.5533,2.5239,2.4946,2.4673,2.4428,2.4194,2.393,2.3617,2.3275,2.2923,2.2542,2.2131,2.1691,2.1251,2.0792,2.0254,1.9619,1.8895,1.8162,1.7488,1.6862,1.6285,1.5816,1.5455,1.52,1.5054,1.4966,1.4888,1.4848,1.4858,1.4907,1.4966,1.5034,1.5103,1.5132,1.5132,1.5112,1.5064,1.5024,1.4985,1.4927,1.4829,1.4673,1.4477,1.4291,1.4125,1.3949,1.3754,1.3548,1.3353,1.3216,1.3109,1.2962,1.2796,1.2639,1.2493,1.2346,1.2199,1.2053,1.1906,1.176,1.1613,1.1466,1.1359,1.1261,1.1144,1.1026,1.0958,1.0899,1.0831,1.0762,1.0733,1.0714,1.0665,1.0626,1.0645,1.0674,1.0645,1.0596,1.0577,1.0567,1.0538,1.0528,1.0538,1.0567,1.0596,1.0645,1.0704,1.0792,1.087,1.0909,1.0929,1.0938,1.0948,1.0948,1.0948,1.0948,1.0948,1.0948,1.0948,1.0968,1.0997,1.1017,1.1007,1.0958,1.0919,1.0919,1.0958,1.1085,1.1408,1.1984,1.2864,1.4037,1.5239,1.654,1.8162,1.9941,2.1769,2.3539,2.5161,2.6559,2.8016,2.9345,3.0127,3.0547,3.0674,3.0616,3.0508,3.0362,3.0166,2.9951,2.9726,2.9501,2.9267,2.9052,2.8847,2.8641,2.8446,2.8231,2.8025,2.784,2.7634,2.737,2.7087,2.6745,2.6315,2.5826,2.5269,2.4624,2.39,2.3226,2.26,2.1955,2.1329,2.0743,2.0215,1.9775,1.9423,1.913,1.8886,1.87,1.8573,1.8465,1.8387,1.8368,1.8407,1.8426,1.8387,1.8348,1.8328,1.8299,1.8231,1.8113,1.7977,1.783,1.7703,1.7576,1.7439,1.7273,1.7048,1.6784,1.6491,1.6207,1.5953,1.5709,1.5464,1.523,1.4995,1.48,1.4624,1.4418,1.4194,1.3969,1.3754,1.3607,1.349,1.3353,1.3206,1.306,1.2903,1.2805,1.2757,1.2678,1.2561,1.2463,1.2395,1.2317,1.2258,1.219,1.2121,1.2043,1.1965,1.1887,1.1808,1.173,1.1652,1.1574,1.1496,1.1457,1.1437,1.1408,1.1359,1.131,1.1251,1.1163,1.1095,1.1065,1.1046,1.1017,1.0987,1.0968,1.0978,1.0987,1.0987,1.0987,1.0948,1.089,1.0821,1.0762,1.0714,1.0655,1.0587,1.0567,1.0674,1.0948,1.1437,1.2209,1.3304,1.4673,1.6256,1.7761,1.9218,2.087,2.2542,2.4096,2.5464,2.6579,2.741,2.7967,2.8289,2.8407,2.8368,2.8231,2.8025,2.7761,2.7478,2.7155,2.6823,2.65,2.6178,2.5875,2.5611,2.5318,2.5015,2.4731,2.4428,2.4106,2.3744,2.3343,2.2893,2.2375,2.176,2.1075,2.7204,2.8133,2.8807,2.9257,2.9443,2.9453,2.9384,2.9257,2.9091,2.8866,2.8573,2.825,2.7918,2.7586,2.7302,2.7028,2.6755,2.6471,2.6188,2.5904,2.5621,2.5327,2.5005,2.4624,2.4154,2.3578,2.2942,2.2229,2.1466,2.0782,2.0176,1.956,1.8944,1.8377,1.7859,1.7419,1.7058,1.6755,1.652,1.6334,1.6207,1.6139,1.6109,1.609,1.6061,1.6031,1.6002,1.5973,1.5934,1.5885,1.5826,1.5758,1.565,1.5494,1.5347,1.52,1.5024,1.4829,1.4624,1.4409,1.4203,1.4008,1.3822,1.3636,1.348,1.3314,1.3118,1.2972,1.2845,1.2669,1.2493,1.2336,1.2151,1.1955,1.1799,1.1691,1.1603,1.1525,1.1447,1.1408,1.1388,1.1339,1.1281,1.1222,1.1153,1.1085,1.1017,1.0948,1.087,1.0802,1.0753,1.0704,1.0684,1.0674,1.0655,1.0645,1.0616,1.0587,1.0567,1.0538,1.0508,1.0499,1.0469,1.0459,1.0489,1.0538,1.0587,1.0606,1.0616,1.0626,1.0606,1.0557,1.0499,1.044,1.0352,1.0254,1.0205,1.0254,1.0401,1.0694,1.1193,1.1955,1.2991,1.4262,1.5787,1.7507,1.9306,2.1085,2.2757,2.4066,2.5112,2.6109,2.697,2.7625,2.8074,2.8319,2.8377,2.8299,2.8113,2.7859,2.7615,2.738,2.7155,2.696,2.6794,2.6637,2.6491,2.6325,2.6139,2.5914,2.566,2.5376,2.5064,2.4731,2.4379,2.3998,2.3539,2.303,2.2454,2.1808,2.1153,2.0508,1.9902,1.9345,1.8876,1.8495,1.8221,1.8045,1.7947,1.7898,1.7908,1.7977,1.8084,1.8192,1.828,1.8348,1.8377,1.8377,1.8338,1.8299,1.828,1.827,1.827,1.827,1.825,1.8201,1.8123,1.8016,1.7889,1.7761,1.7625,1.7498,1.738,1.7253,1.7175,1.7116,1.7019,1.6872,1.6696,1.652,1.6334,1.6178,1.6051,1.5914,1.5816,1.5748,1.566,1.5562,1.5484,1.5415,1.5347,1.5279,1.521,1.5142,1.5073,1.5005,1.4956,1.4907,1.4848,1.479,1.4721,1.4653,1.4585,1.4516,1.4448,1.4389,1.434,1.4301,1.4262,1.4262,1.4262,1.4242,1.4233,1.4233,1.4233,1.4233,1.4233,1.4233,1.4233,1.4233,1.4233,1.4233,1.4213,1.4154,1.4057,1.3939,1.3822,1.3754,1.3734,1.3793,1.3988,1.4409,1.5093,1.6061,1.7087,1.8192,1.9589,2.1153,2.2727,2.4242,2.565,2.6872,2.7879,2.8651,2.9208,2.955,2.9687,2.9677,2.958,2.9413,2.9218,2.8983,2.869,2.8397,2.8113,2.782,2.7537,2.7263,2.7009,2.6774,2.652,2.6266,2.5982,2.565,2.5269,2.4839,2.435,2.3803,2.3206,2.2571,2.1916,2.132,2.0743,2.0137,1.9531,1.8954,1.8446,1.8025,1.7674,1.74,1.7195,1.7038,1.695,1.6901,1.6882,1.6872,1.6833,1.6774,1.6716,1.6647,1.6579,1.6481,1.6383,1.6285,1.6149,1.5982,1.5826,1.5679,1.5513,1.5288,1.5044,1.4819,1.4585,1.437,1.4194,1.4037,1.3891,1.3734,1.3558,1.3421,1.3294,1.3128,1.2962,1.2815,1.2669,1.2532,1.2395,1.2278,1.218,1.2102,1.2023,1.1984,1.1965,1.1926,1.1867,1.1808,1.174,1.1672,1.1603,1.1535,1.1476,1.1408,1.1339,1.129,1.1281,1.1281,1.1241,1.1193,1.1153,1.1134,1.1124,1.1114,1.1095,1.1085,1.1075,1.1036,1.1017,1.1007,1.0987,1.0978,1.0958,1.0948,1.0938,1.0899,1.085,1.0792,1.0723,1.0655,1.0626,1.0626,1.0665,1.0821,1.1163,1.173,1.2532,1.3617,1.4946,1.6491,1.8182,1.9922,2.1642,2.304,2.4184,2.5298,2.6256,2.7009,2.7556,2.7928,2.8133,2.8182,2.8123,2.7957,2.7742,2.7498,2.7224,2.697,2.6755,2.6579,2.6422,2.6266,2.608,2.5875,2.563,2.5376,2.5112,2.4829,2.4536,2.4203,2.3783,2.3304,2.2757,2.2141,2.1496,2.085,2.0225,1.9638,1.913,1.87,1.8387,1.8162,1.7996,1.7898,1.7849,1.7859,1.7937,1.8045,1.8162,1.827,1.8358,1.8436,1.8495,1.8504,1.8475,1.8446,1.8426,1.8397,1.8338,1.824,1.8123,1.7996,1.783,1.7634,1.7468,1.7341,1.7224,1.7107,1.696,1.6804,1.6667,1.653,1.6393,1.6285,1.6197,1.609,1.5934,1.5777,1.566,1.5552,1.5415,1.5288,1.5152,1.5024,1.4897,1.4761,1.4643,1.4555,1.4477,1.4409,1.437,1.435,1.434,1.434,1.4321,1.4311,1.4291,1.4242,1.4203,1.4184,1.4174,1.4174,1.4184,1.4213,1.4223,1.4242,1.4252,1.4242,1.4223,1.4194,1.4184,1.4174,1.4174,1.4174,1.4174,1.4174,1.4174,1.4174,1.4174,1.4135,1.4066,1.4018,1.3998,1.4037,1.4184,1.4506,1.5064,1.5865,1.6735,1.7732,1.9013,2.0479,2.2014,2.3548,2.5024,2.6354,2.7458,2.8338,2.9013,2.9462,2.9668,2.9707,2.9677,2.956,2.9355,2.911,2.8837,2.8573,2.8319,2.8084,2.7849,2.7595,2.7341,2.7067,2.6784,2.651,2.6237,2.5953,2.563,2.5259,2.4829,2.4321,2.3724,2.306,2.2346,2.1681,2.1065,2.045,1.9844,1.9247,1.869,1.8211,1.783,1.7517,1.7283,1.7116,1.7019,1.697,1.694,1.6931,1.6921,1.6921,1.6882,1.6804,1.6696,1.6579,1.6452,1.6344,1.6256,1.6149,1.6031,1.5904,1.5748,1.5572,1.5367,1.5112,1.4858,1.4594,1.435,1.4145,1.3949,1.3763,1.3568,1.3412,1.3294,1.3138,1.2962,1.2815,1.2669,1.2532,1.2395,1.2268,1.2141,1.2023,1.1935,1.1887,1.1867,1.1818,1.176,1.1701,1.1623,1.1515,1.1417,1.1329,1.1261,1.1193,1.1144,1.1134,1.1163,1.1173,1.1144,1.1095,1.1036,1.0978,1.0919,1.085,1.0792,1.0743,1.0723,1.0694,1.0674,1.0665,1.0626,1.0577,1.0518,1.0489,1.0479,1.044,1.0381,1.0323,1.0264,1.0196,1.0166,1.0147,1.0137,1.0186,1.0342,1.0684,1.1261,1.2111,1.3236,1.4624,1.6178,1.7859,1.9589,2.1056,2.2336,2.3617,2.4761,2.5728,2.6471,2.6989,2.7322,2.7488,2.7517,2.7449,2.7322,2.7126,2.6891,2.6657,2.6442,2.6256,2.608,2.5914,2.5748,2.5562,2.5357,2.5142,2.4897,2.4633,2.435,2.4047,2.3675,2.3236,2.2717,2.2151,2.1535,2.0919,2.0313,1.9726,1.9189,1.8739,1.8416,1.8172,1.7967,1.782,1.7732,1.7683,1.7664,1.7664,1.7713,1.7771,1.784,1.7908,1.7967,1.8035,1.8065,1.8084,1.8113,1.8113,1.8055,1.7957,1.7849,1.7732,1.7615,1.7498,1.737,1.7263,1.7165,1.7048,1.6931,1.6813,1.6686,1.6569,1.6452,1.6325,1.6217,1.6119,1.6002,1.5904,1.5836,1.5787,1.5728,1.567,1.5611,1.5552,1.5474,1.5357,1.521,1.5044,1.4897,1.479,1.4721,1.4673,1.4614,1.4555,1.4516,1.4497,1.4487,1.4477,1.4477,1.4487,1.4526,1.4575,1.4614,1.4653,1.4673,1.4653,1.4604,1.4555,1.4516,1.4497,1.4487,1.4477,1.4477,1.4477,1.4477,1.4477,1.4477,1.4477,1.4477,1.4477,1.4477,1.4457,1.4438,1.4428,1.4448,1.4555,1.4819,1.5327,1.5924,1.6647,1.7693,1.8974,2.042,2.1965,2.3509,2.4966,2.6266,2.738,2.826,2.8905,2.9267,2.9433,2.9501,2.9462,2.9335,2.914,2.8925,2.869,2.8446,2.8221,2.8016,2.7801,2.7556,2.7292,2.7038,2.6774,2.6491,2.6188,2.5865,2.5523,2.5132,2.4702,2.4242,2.3705,2.3089,2.2502,2.1916,2.1251,2.0577,1.9951,1.9355,1.8827,1.8397,1.8035,1.7752,1.7527,1.737,1.7263,1.7195,1.7165,1.7116,1.7058,1.7028,1.7019,1.6979,1.6911,1.6833,1.6716,1.6569,1.6403,1.6256,1.6119,1.5963,1.5787,1.5611,1.5425,1.5239,1.5054,1.4868,1.4682,1.4487,1.4272,1.4106,1.3959,1.3783,1.3587,1.3412,1.3245,1.3069,1.2903,1.2757,1.2639,1.2551,1.2473,1.2405,1.2366,1.2317,1.2229,1.2121,1.2014,1.1926,1.1848,1.1779,1.172,1.1672,1.1632,1.1584,1.1554,1.1544,1.1505,1.1457,1.1398,1.1339,1.13,1.1281,1.1271,1.1261,1.1241,1.1202,1.1183,1.1202,1.1212,1.1183,1.1144,1.1085,1.1026,1.0968,1.0938,1.0929,1.0909,1.0899,1.087,1.086,1.085,1.0821,1.0772,1.0733,1.0743,1.087,1.1183,1.173,1.2542,1.3627,1.4956,1.6471,1.7879,1.9238,2.0733,2.2199,2.3519,2.4643,2.5543,2.6227,2.6706,2.6999,2.7126,2.7126,2.7019,2.6852,2.6676,2.65,2.6315,2.6149,2.5982,2.5826,2.566,2.5484,2.5298,2.5083,2.4848,2.4614,2.437,2.4106,2.3793,2.3412,2.2972,2.2473,2.1935,2.1339,2.0704,2.0078,1.9482,1.8983,1.8583,1.8221,1.7937,1.7713,1.7576,1.7507,1.7468,1.7449,1.7458,1.7468,1.7468,1.7498,1.7546,1.7566,1.7576,1.7586,1.7586,1.7586,1.7576,1.7517,1.7429,1.7312,1.7155,1.6989,1.6843,1.6725,1.6608,1.6471,1.6334,1.6217,1.61,1.5982,1.5875,1.5777,1.5699,1.5621,1.5552,1.5503,1.5464,1.5415,1.5357,1.5298,1.5239,1.5181,1.5103,1.5024,1.4956,2.6794,2.6598,2.6354,2.61,2.5846,2.5591,2.5327,2.5073,2.4809,2.4555,2.4311,2.4096,2.3891,2.3685,2.347,2.3216,2.2913,2.2561,2.218,2.174,2.1232,2.0665,2.0078,1.9453,1.8847,1.8348,1.7928,1.7507,1.7126,1.6823,1.6588,1.6422,1.6325,1.6276,1.6256,1.6246,1.6256,1.6295,1.6334,1.6383,1.6442,1.6471,1.6481,1.6491,1.6471,1.6413,1.6325,1.6217,1.608,1.5934,1.5826,1.5728,1.5591,1.5464,1.5347,1.5259,1.5181,1.5112,1.5015,1.4897,1.478,1.4633,1.4526,1.4438,1.435,1.4272,1.4203,1.4135,1.4066,1.4018,1.3978,1.3939,1.39,1.3871,1.3822,1.3783,1.3763,1.3715,1.3666,1.3627,1.3607,1.3578,1.3548,1.3519,1.349,1.347,1.346,1.347,1.349,1.35,1.3509,1.3509,1.3509,1.3529,1.3558,1.3568,1.3587,1.3617,1.3627,1.3646,1.3695,1.3734,1.3754,1.3763,1.3773,1.3773,1.3793,1.3832,1.3871,1.3891,1.39,1.3881,1.3871,1.3891,1.39,1.393,1.4047,1.4301,1.4751,1.5445,1.6413,1.7625,1.9042,2.0616,2.2248,2.3627,2.4839,2.609,2.7224,2.8152,2.8856,2.9355,2.9648,2.9765,2.9726,2.958,2.9345,2.9032,2.868,2.8338,2.8035,2.7742,2.7429,2.7116,2.6794,2.6481,2.6197,2.5914,2.5591,2.5239,2.4878,2.4526,2.4135,2.3675,2.3138,2.2542,2.1887,2.1193,2.0499,1.9824,1.9179,1.8602,1.8152,1.7781,1.7429,1.7146,1.6921,1.6755,1.6657,1.6579,1.65,1.6461,1.6442,1.6432,1.6413,1.6373,1.6305,1.6207,1.6109,1.6031,1.5943,1.5836,1.5699,1.5533,1.5357,1.5152,1.4897,1.4663,1.4428,1.4184,1.3959,1.3754,1.3558,1.3363,1.3177,1.2991,1.2796,1.263,1.2483,1.2385,1.2287,1.2151,1.2023,1.1887,1.176,1.1632,1.1515,1.1427,1.1349,1.1281,1.1212,1.1144,1.1114,1.1095,1.1056,1.0997,1.0938,1.088,1.0811,1.0753,1.0684,1.0616,1.0557,1.0508,1.0499,1.0499,1.0459,1.044,1.043,1.0391,1.0342,1.0283,1.0244,1.0225,1.0196,1.0147,1.0108,1.0117,1.0137,1.0117,1.0078,1.0039,1.002,1.001,1.001,1.001,0.99902,0.99609,0.99511,0.99804,1.0088,1.0323,1.0753,1.1417,1.2356,1.3578,1.5054,1.6716,1.8475,2.0215,2.1838,2.3304,2.4438,2.5269,2.5982,2.653,2.6882,2.7058,2.7087,2.6989,2.6794,2.654,2.6285,2.6031,2.5767,2.5513,2.5249,2.4985,2.4731,2.4487,2.4272,2.4066,2.3842,2.3587,2.3294,2.2952,2.2551,2.216,2.173,2.1212,2.0645,2.0068,1.9482,1.8915,1.8368,1.7869,1.7449,1.7116,1.6852,1.6667,1.6559,1.651,1.6481,1.6471,1.6481,1.65,1.654,1.6598,1.6628,1.6637,1.6647,1.6647,1.6647,1.6628,1.6569,1.6481,1.6364,1.6246,1.6139,1.6051,1.5943,1.5797,1.565,1.5533,1.5445,1.5367,1.5279,1.52,1.5132,1.5064,1.4995,1.4907,1.4819,1.4712,1.4594,1.4487,1.4379,1.4311,1.4262,1.4203,1.4145,1.4076,1.3998,1.3891,1.3793,1.3705,1.3646,1.3597,1.3558,1.3558,1.3578,1.3587,1.3587,1.3587,1.3587,1.3587,1.3587,1.3617,1.3666,1.3705,1.3763,1.3812,1.3851,1.39,1.3939,1.3978,1.4018,1.4037,1.4047,1.4047,1.4047,1.4047,1.4047,1.4047,1.4047,1.4047,1.4027,1.4008,1.3978,1.393,1.3891,1.3871,1.391,1.4047,1.4311,1.48,1.5543,1.6354,1.7302,1.8553,2.0029,2.1652,2.3294,2.4848,2.6237,2.741,2.8319,2.8983,2.9413,2.9599,2.9629,2.958,2.9433,2.9218,2.8935,2.8612,2.8289,2.7957,2.7634,2.7312,2.6979,2.6657,2.6344,2.6061,2.5787,2.5503,2.5181,2.4829,2.4438,2.4018,2.3548,2.3001,2.2395,2.1769,2.1183,2.0626,2.0059,1.9482,1.8915,1.8397,1.7957,1.7595,1.7283,1.7028,1.6833,1.6706,1.6647,1.6618,1.6598,1.6588,1.6588,1.6588,1.6549,1.6471,1.6364,1.6246,1.6139,1.6022,1.5865,1.5718,1.5582,1.5415,1.5239,1.5034,1.478,1.4497,1.4242,1.4018,1.3803,1.3627,1.346,1.3314,1.3187,1.306,1.2933,1.2805,1.2659,1.2493,1.2307,1.2131,1.1994,1.1867,1.173,1.1632,1.1584,1.1564,1.1515,1.1427,1.132,1.1232,1.1153,1.1105,1.1075,1.1065,1.1036,1.0987,1.0987,1.1017,1.1017,1.0978,1.0948,1.0929,1.0909,1.086,1.0802,1.0743,1.0684,1.0616,1.0587,1.0626,1.0655,1.0645,1.0626,1.0616,1.0587,1.0577,1.0567,1.0528,1.0479,1.042,1.0362,1.0332,1.0313,1.0293,1.0332,1.0499,1.0841,1.1408,1.2229,1.3324,1.4653,1.6168,1.781,1.9501,2.0929,2.217,2.3431,2.4545,2.5445,2.609,2.651,2.6745,2.6794,2.6725,2.6569,2.6364,2.6129,2.5885,2.563,2.5367,2.5142,2.4927,2.4692,2.4457,2.4242,2.4037,2.3803,2.3519,2.3216,2.2923,2.261,2.2239,2.1789,2.1261,2.0684,2.0078,1.9453,1.8847,1.8299,1.781,1.74,1.7097,1.6872,1.6676,1.651,1.6373,1.6295,1.6256,1.6237,1.6227,1.6217,1.6217,1.6217,1.6217,1.6217,1.6217,1.6217,1.6197,1.6158,1.6109,1.6051,1.5992,1.5924,1.5855,1.5758,1.565,1.5562,1.5455,1.5298,1.5152,1.5015,1.4878,1.4761,1.4643,1.4536,1.4428,1.4311,1.4223,1.4154,1.4125,1.4125,1.4125,1.4125,1.4125,1.4125,1.4125,1.4125,1.4125,1.4106,1.4066,1.3998,1.3949,1.392,1.3881,1.3842,1.3822,1.3812,1.3812,1.3812,1.3812,1.3812,1.3812,1.3812,1.3812,1.3822,1.3881,1.3959,1.4027,1.4096,1.4125,1.4125,1.4125,1.4125,1.4125,1.4125,1.4125,1.4145,1.4154,1.4145,1.4135,1.4135,1.4115,1.4076,1.4037,1.4037,1.4115,1.435,1.48,1.5474,1.6237,1.7136,1.8358,1.9834,2.1476,2.3167,2.479,2.6256,2.7498,2.8514,2.9316,2.9863,3.0117,3.0176,3.0156,3.0049,2.9853,2.958,2.9238,2.8876,2.8514,2.8172,2.783,2.7498,2.7185,2.6901,2.6628,2.6354,2.609,2.5816,2.5494,2.5103,2.4663,2.4184,2.3627,2.303,2.2405,2.1828,2.1281,2.0694,2.0108,1.9521,1.8964,1.8475,1.8065,1.7722,1.7458,1.7263,1.7097,1.6979,1.6921,1.6891,1.6882,1.6872,1.6872,1.6872,1.6872,1.6833,1.6755,1.6647,1.6491,1.6305,1.6149,1.6002,1.5836,1.565,1.5464,1.5269,1.5054,1.4819,1.4575,1.434,1.4125,1.393,1.3783,1.3646,1.349,1.3333,1.3157,1.2991,1.2805,1.26,1.2405,1.2199,1.2033,1.1916,1.1828,1.1779,1.176,1.172,1.1652,1.1544,1.1447,1.1369,1.129,1.1222,1.1153,1.1085,1.1017,1.0987,1.0987,1.0968,1.0929,1.088,1.085,1.0772,1.0626,1.0528,1.044,1.0371,1.0303,1.0235,1.0196,1.0176,1.0166,1.0186,1.0205,1.0254,1.0293,1.0323,1.0342,1.0323,1.0264,1.0147,1.0039,0.99511,0.98827,0.98436,0.98925,1.0108,1.0538,1.1222,1.218,1.3392,1.4819,1.6403,1.8055,1.9482,2.0743,2.2063,2.3265,2.4291,2.5083,2.5621,2.5943,2.607,2.6051,2.5943,2.5777,2.5562,2.5327,2.5073,2.4819,2.4565,2.4311,2.4066,2.3851,2.3646,2.3441,2.3245,2.303,2.2776,2.2502,2.2209,2.1848,2.1427,2.0938,2.0411,1.9834,1.9238,1.8661,1.8113,1.7605,1.7136,1.6755,1.6452,1.6188,1.5992,1.5885,1.5846,1.5836,1.5846,1.5865,1.5875,1.5885,1.5885,1.5885,1.5885,1.5885,1.5875,1.5836,1.5787,1.5728,1.567,1.5601,1.5523,1.5415,1.5288,1.5122,1.4976,1.4839,1.4702,1.4585,1.4477,1.4379,1.4282,1.4184,1.4066,1.3949,1.3851,1.3773,1.3705,1.3666,1.3646,1.3627,1.3597,1.3587,1.3578,1.3578,1.3578,1.3578,1.3578,1.3578,1.3578,1.3587,1.3607,1.3617,1.3627,1.3627,1.3627,1.3597,1.3519,1.3451,1.3412,1.3392,1.3382,1.3392,1.3412,1.3421,1.3431,1.3431,1.3451,1.348,1.3519,1.3578,1.3617,1.3675,1.3715,1.3754,1.3793,1.3822,1.3842,1.3832,1.3832,1.3832,1.3832,1.3832,1.3812,1.3783,1.3773,1.3803,1.3881,1.4047,1.4418,1.5044,1.5934,1.7107,1.8504,2.0059,2.1701,2.3333,2.4858,2.6207,2.7351,2.8162,2.8719,2.9159,2.9443,2.956,2.9541,2.9423,2.9198,2.8895,2.8563,2.825,2.7967,2.7693,2.7449,2.7204,2.696,2.6686,2.6393,2.61,2.5787,2.5435,2.5054,2.4614,2.4154,2.3666,2.3177,2.2678,2.2102,2.1476,2.0821,2.0186,1.958,1.8983,1.8436,1.7986,1.7615,1.7302,1.7067,1.6901,1.6755,1.6647,1.6588,1.6559,1.6559,1.6579,1.6588,1.6559,1.6481,1.6383,1.6266,1.6158,1.6051,1.5953,1.5846,1.5699,1.5523,1.5337,1.5152,1.4946,1.4712,1.4467,1.4233,1.4047,1.3871,1.3685,1.35,1.3275,1.305,1.2835,1.2649,1.2493,1.2346,1.2209,1.2063,1.1926,1.1838,1.176,1.2307,1.2278,1.2268,1.2219,1.2199,1.219,1.2151,1.2092,1.2023,1.1945,1.1867,1.1799,1.172,1.1642,1.1564,1.1486,1.1447,1.1427,1.1388,1.1329,1.1261,1.1183,1.1114,1.1036,1.0958,1.088,1.0802,1.0762,1.0802,1.0938,1.1232,1.174,1.2493,1.35,1.4761,1.6227,1.7791,1.9394,2.0958,2.2385,2.3617,2.4516,2.5171,2.5748,2.6149,2.6373,2.6461,2.6432,2.6305,2.6109,2.5836,2.5543,2.5288,2.5044,2.4809,2.4555,2.4321,2.4106,2.3861,2.3587,2.3304,2.3011,2.2688,2.2336,2.1975,2.1564,2.1144,2.0694,2.0147,1.956,1.8964,1.8368,1.782,1.7361,1.6979,1.6667,1.6422,1.6237,1.6109,1.6051,1.6051,1.609,1.6149,1.6217,1.6276,1.6305,1.6334,1.6383,1.6413,1.6422,1.6432,1.6422,1.6393,1.6325,1.6188,1.6012,1.5806,1.5591,1.5406,1.5239,1.5064,1.4897,1.4741,1.4585,1.4467,1.437,1.4242,1.4106,1.3959,1.3812,1.3685,1.3578,1.347,1.3333,1.3196,1.305,1.2942,1.2845,1.2737,1.2649,1.259,1.2542,1.2493,1.2454,1.2434,1.2424,1.2414,1.2434,1.2444,1.2463,1.2493,1.2512,1.2522,1.2522,1.2522,1.2522,1.2522,1.2522,1.2522,1.2522,1.2522,1.2542,1.2571,1.2581,1.259,1.259,1.259,1.263,1.2688,1.2717,1.2737,1.2747,1.2747,1.2747,1.2747,1.2747,1.2747,1.2747,1.2786,1.2923,1.3196,1.3695,1.4477,1.5513,1.6774,1.824,1.9619,2.0958,2.2463,2.3978,2.5396,2.6657,2.7713,2.8524,2.912,2.9531,2.9775,2.9853,2.9804,2.9648,2.9433,2.9228,2.9052,2.8905,2.8798,2.868,2.8573,2.8475,2.8368,2.824,2.8104,2.7937,2.7742,2.7507,2.7243,2.6931,2.6569,2.6139,2.564,2.5093,2.4506,2.391,2.3314,2.2786,2.2346,2.1935,2.1544,2.1153,2.0811,2.0547,2.0352,2.0215,2.0108,2.0039,1.999,1.9961,1.9951,1.9902,1.9844,1.9775,1.9697,1.9609,1.9482,1.9345,1.9198,1.9052,1.8905,1.8729,1.8553,1.8387,1.8192,1.7937,1.7654,1.739,1.7146,1.6911,1.6569,1.6207,1.5924,1.5679,1.5484,1.5327,1.5171,1.4995,1.4829,1.4643,1.4448,1.4272,1.4125,1.4018,1.39,1.3803,1.3715,1.3656,1.3627,1.3548,1.3451,1.3363,1.3265,1.3128,1.3001,1.2903,1.2815,1.2727,1.2669,1.26,1.2542,1.2512,1.2444,1.2326,1.219,1.2063,1.1965,1.1877,1.1808,1.1779,1.174,1.1681,1.1672,1.1711,1.1701,1.1642,1.1574,1.1515,1.1447,1.1378,1.13,1.1222,1.1144,1.1085,1.1114,1.1271,1.1544,1.2014,1.2757,1.3783,1.5024,1.6452,1.8055,1.9697,2.129,2.2776,2.4086,2.5083,2.5797,2.6373,2.6774,2.7019,2.7116,2.7107,2.7009,2.6813,2.6579,2.6344,2.607,2.5777,2.5494,2.5191,2.4907,2.4643,2.4389,2.4164,2.3978,2.3763,2.3382,2.2991,2.2678,2.2268,2.1848,2.1378,2.0792,2.0137,1.9482,1.8856,1.8289,1.7791,1.7302,1.6901,1.6686,1.6559,1.6452,1.6364,1.6315,1.6334,1.6383,1.6422,1.6461,1.654,1.6618,1.6657,1.6676,1.6667,1.6647,1.6637,1.6588,1.6491,1.6364,1.6197,1.6002,1.5826,1.5718,1.5582,1.5415,1.5249,1.5054,1.4878,1.4712,1.4526,1.435,1.4184,1.4027,1.391,1.3812,1.3724,1.3636,1.3558,1.348,1.3402,1.3343,1.3275,1.3177,1.305,1.2942,1.2854,1.2766,1.2727,1.2688,1.263,1.2581,1.2532,1.2512,1.2502,1.2473,1.2463,1.2454,1.2454,1.2454,1.2454,1.2454,1.2454,1.2454,1.2454,1.2473,1.2502,1.2512,1.2522,1.2522,1.2522,1.2542,1.2571,1.259,1.262,1.2649,1.2669,1.2678,1.2698,1.2727,1.2747,1.2776,1.2845,1.3021,1.3343,1.3861,1.4633,1.5689,1.6999,1.8543,2,2.1417,2.304,2.4653,2.6168,2.7498,2.8583,2.9413,3.0029,3.0459,3.0733,3.087,3.086,3.0772,3.0645,3.0489,3.0313,3.0108,2.9902,2.9726,2.956,2.9394,2.9247,2.914,2.9022,2.8866,2.869,2.8524,2.8328,2.8025,2.7625,2.7146,2.6608,2.6002,2.5347,2.4682,2.4037,2.346,2.2913,2.2366,2.1877,2.1457,2.1105,2.085,2.0684,2.0557,2.0479,2.0459,2.0489,2.0547,2.0596,2.0635,2.0674,2.0674,2.0635,2.0577,2.0469,2.0293,2.0088,1.9873,1.9648,1.9433,1.9267,1.9081,1.8592,1.7977,1.7556,1.7224,1.696,1.6706,1.6461,1.6227,1.5992,1.5797,1.5601,1.5445,1.5327,1.5171,1.4976,1.478,1.4594,1.4428,1.4262,1.4125,1.3998,1.3851,1.3724,1.3617,1.3509,1.3392,1.3294,1.3206,1.3099,1.3011,1.2923,1.2825,1.2757,1.2698,1.2649,1.263,1.2639,1.2639,1.262,1.2571,1.2473,1.2346,1.2239,1.2151,1.2023,1.1896,1.1799,1.173,1.1691,1.1672,1.1623,1.1564,1.1496,1.1378,1.1241,1.1095,1.0968,1.086,1.0762,1.0674,1.0616,1.0626,1.0694,1.0802,1.1036,1.1486,1.218,1.3118,1.4301,1.5709,1.7322,1.9013,2.0684,2.2072,2.3265,2.4448,2.5474,2.6266,2.6823,2.7175,2.7351,2.738,2.7283,2.7067,2.6804,2.652,2.6217,2.5904,2.5611,2.5347,2.5103,2.4858,2.4614,2.4379,2.4145,2.391,2.3627,2.3314,2.3001,2.263,2.2141,2.1564,2.0919,2.0244,1.955,1.8866,1.825,1.7713,1.7243,1.6852,1.652,1.6276,1.609,1.5924,1.5797,1.5738,1.5709,1.5689,1.5679,1.5679,1.5679,1.5679,1.5679,1.5679,1.566,1.563,1.5591,1.5533,1.5464,1.5396,1.5318,1.52,1.5024,1.4858,1.4692,1.4497,1.4321,1.4154,1.3949,1.3754,1.3578,1.3402,1.3275,1.3177,1.305,1.2942,1.2854,1.2747,1.2698,1.2649,1.259,1.2522,1.2444,1.2366,1.2248,1.2111,1.1965,1.1848,1.175,1.1662,1.1623,1.1584,1.1525,1.1476,1.1427,1.1388,1.1369,1.1339,1.13,1.1281,1.1271,1.1251,1.1222,1.1222,1.1241,1.1232,1.1193,1.1153,1.1134,1.1105,1.1065,1.1046,1.1036,1.1036,1.1056,1.1105,1.1144,1.1163,1.1173,1.1163,1.1114,1.1075,1.1075,1.1153,1.1388,1.1857,1.2581,1.3617,1.4741,1.5973,1.7537,1.9326,2.1183,2.2972,2.4624,2.6061,2.7243,2.8172,2.8856,2.9316,2.955,2.9629,2.9648,2.957,2.9413,2.9218,2.9003,2.8778,2.8592,2.8456,2.8348,2.8231,2.8094,2.7928,2.7752,2.7586,2.7419,2.7214,2.696,2.6657,2.6285,2.5865,2.5376,2.48,2.4154,2.3558,2.2981,2.2356,2.173,2.1124,2.0587,2.0117,1.9726,1.9413,1.9179,1.9042,1.8993,1.9003,1.9013,1.9013,1.9013,1.8974,1.8915,1.8847,1.8778,1.87,1.8553,1.8358,1.8162,1.7957,1.7801,1.7654,1.7498,1.7341,1.7185,1.6999,1.6784,1.6559,1.6315,1.607,1.5806,1.5543,1.5288,1.5073,1.4888,1.4673,1.4438,1.4223,1.4037,1.3881,1.3715,1.3558,1.3392,1.3187,1.3001,1.2893,1.2796,1.2708,1.2639,1.259,1.2542,1.2483,1.2405,1.2307,1.2199,1.2102,1.2033,1.2004,1.2004,1.2004,1.1984,1.1935,1.1828,1.1711,1.1613,1.1505,1.1369,1.1241,1.1134,1.1036,1.0987,1.0948,1.089,1.0811,1.0714,1.0626,1.0518,1.0401,1.0303,1.0215,1.0127,1.0049,0.99609,0.99218,0.99413,1.001,1.0196,1.0567,1.1222,1.219,1.3402,1.4848,1.6491,1.8231,1.9971,2.1437,2.2659,2.3861,2.4917,2.5728,2.6295,2.6667,2.6852,2.6882,2.6794,2.6628,2.6403,2.6129,2.5846,2.5582,2.5327,2.5073,2.4829,2.4585,2.434,2.4096,2.3822,2.3509,2.3167,2.2796,2.2405,2.2004,2.1515,2.0938,2.0303,1.9619,1.8915,1.8211,1.7537,1.6891,1.6305,1.5826,1.5464,1.521,1.5034,1.4927,1.4858,1.4819,1.4839,1.4897,1.4966,1.5034,1.5112,1.5191,1.5249,1.5279,1.5279,1.5239,1.5171,1.5103,1.5024,1.4946,1.4868,1.4741,1.4555,1.434,1.4115,1.392,1.3734,1.3519,1.3294,1.3079,1.2893,1.2717,1.259,1.2483,1.2346,1.2199,1.2043,1.1877,1.176,1.1662,1.1525,1.1378,1.1261,1.1163,1.1056,1.0958,1.085,1.0753,1.0665,1.0538,1.044,1.0391,1.0342,1.0293,1.0274,1.0264,1.0254,1.0254,1.0254,1.0254,1.0254,1.0254,1.0254,1.0254,1.0254,1.0254,1.0254,1.0254,1.0235,1.0225,1.0235,1.0244,1.0244,1.0244,1.0244,1.0264,1.0303,1.0323,1.0303,1.0274,1.0264,1.0254,1.0254,1.0254,1.0313,1.0547,1.1036,1.1828,1.2757,1.3851,1.5337,1.7116,1.9071,2.1046,2.2933,2.4673,2.6197,2.7498,2.8553,2.9326,2.9775,3,3.0127,3.0156,3.0068,2.9892,2.9687,2.9462,2.9228,2.8983,2.8739,2.8514,2.8348,2.8182,2.8016,2.7889,2.7761,2.7625,2.7429,2.7146,2.6784,2.6334,2.5826,2.5259,2.4633,2.4018,2.3421,2.2776,2.2102,2.1437,2.0802,2.0244,1.9756,1.9345,1.9022,1.8759,1.8563,1.2942,1.2962,1.2991,1.3001,1.3011,1.3011,1.2991,1.2972,1.2942,1.2913,1.2913,1.2991,1.3216,1.3548,1.4047,1.4829,1.5894,1.7224,1.8798,2.0499,2.2239,2.391,2.5455,2.6813,2.7928,2.868,2.9198,2.9619,2.9883,2.998,2.9961,2.9863,2.9697,2.9482,2.9247,2.8993,2.8729,2.8465,2.8201,2.7947,2.7722,2.7507,2.7283,2.7019,2.6725,2.6413,2.61,2.5777,2.5386,2.4888,2.437,2.3842,2.3226,2.2571,2.1887,2.1193,2.0528,1.9912,1.9365,1.8915,1.8553,1.827,1.8025,1.784,1.7713,1.7615,1.7556,1.7527,1.7507,1.7498,1.7498,1.7498,1.7458,1.737,1.7263,1.7155,1.7038,1.6891,1.6725,1.65,1.6256,1.6002,1.5758,1.5543,1.5318,1.5083,1.4868,1.4663,1.4487,1.4301,1.4076,1.3832,1.3568,1.3343,1.3148,1.2981,1.2835,1.2708,1.259,1.2463,1.2375,1.2297,1.217,1.2023,1.1887,1.173,1.1554,1.1398,1.1281,1.1173,1.1056,1.0948,1.086,1.0811,1.0792,1.0743,1.0684,1.0626,1.0567,1.0499,1.043,1.0381,1.0362,1.0352,1.0342,1.0371,1.0401,1.0381,1.0342,1.0283,1.0225,1.0166,1.0098,1.0029,1,0.99804,0.99413,0.98827,0.98534,0.98436,0.98045,0.97458,0.96872,0.96285,0.95992,0.96285,0.97458,1.001,1.0459,1.1134,1.1926,1.2874,1.4096,1.5523,1.7107,1.8749,2.0362,2.1857,2.3167,2.4262,2.5112,2.5718,2.609,2.6207,2.6149,2.6022,2.5836,2.5611,2.5367,2.5112,2.4848,2.4585,2.4321,2.4047,2.3793,2.3568,2.3343,2.3089,2.2815,2.2512,2.219,2.1848,2.1476,2.1056,2.0557,2.001,1.9433,1.8847,1.8319,1.784,1.7331,1.6843,1.6393,1.6002,1.5709,1.5513,1.5415,1.5406,1.5415,1.5415,1.5435,1.5455,1.5464,1.5474,1.5474,1.5474,1.5474,1.5464,1.5445,1.5415,1.5367,1.5298,1.5181,1.5054,1.4917,1.4751,1.4565,1.4409,1.4262,1.4086,1.39,1.3705,1.3529,1.3372,1.3245,1.3177,1.3128,1.304,1.2962,1.2884,1.2815,1.2766,1.2708,1.2639,1.2571,1.2502,1.2434,1.2385,1.2375,1.2375,1.2356,1.2317,1.2326,1.2405,1.2424,1.2414,1.2414,1.2414,1.2414,1.2424,1.2463,1.2522,1.2581,1.2639,1.2717,1.2825,1.2942,1.304,1.3099,1.3148,1.3167,1.3177,1.3196,1.3226,1.3245,1.3255,1.3255,1.3255,1.3255,1.3255,1.3255,1.3255,1.3236,1.3196,1.3167,1.3167,1.3177,1.3196,1.3294,1.3519,1.3939,1.4585,1.5494,1.6706,1.8182,1.9814,2.1515,2.2981,2.4291,2.566,2.6911,2.7957,2.8788,2.9404,2.9804,3.0039,3.0127,3.0088,2.9971,2.9795,2.956,2.9296,2.9042,2.8778,2.8514,2.826,2.8016,2.7801,2.7595,2.7361,2.7077,2.6774,2.6461,2.6129,2.5748,2.5318,2.4819,2.4282,2.3685,2.303,2.2346,2.1662,2.0997,2.0371,1.9814,1.9374,1.9022,1.868,1.8368,1.8104,1.7889,1.7742,1.7674,1.7654,1.7664,1.7664,1.7664,1.7664,1.7664,1.7644,1.7586,1.7498,1.739,1.7263,1.7136,1.6979,1.6774,1.654,1.6285,1.6051,1.5875,1.5718,1.5543,1.5357,1.5171,1.4976,1.478,1.4575,1.4321,1.4066,1.3842,1.3617,1.3441,1.3314,1.3187,1.306,1.2933,1.2805,1.2669,1.2542,1.2414,1.2278,1.2151,1.2023,1.1896,1.1799,1.173,1.1652,1.1544,1.1437,1.1359,1.1281,1.1212,1.1144,1.1095,1.1056,1.0997,1.0968,1.0958,1.0919,1.0899,1.089,1.085,1.0802,1.0743,1.0714,1.0704,1.0694,1.0694,1.0694,1.0723,1.0743,1.0714,1.0665,1.0616,1.0538,1.045,1.0371,1.0303,1.0264,1.0293,1.044,1.0714,1.1105,1.1711,1.2561,1.3685,1.5064,1.6608,1.824,1.9873,2.1437,2.2845,2.4037,2.4976,2.5591,2.5982,2.6256,2.6393,2.6403,2.6295,2.6109,2.5885,2.564,2.5376,2.5064,2.4731,2.4399,2.4106,2.3861,2.3636,2.3431,2.3196,2.2913,2.261,2.2287,2.1926,2.1515,2.1056,2.0547,2.0068,1.9599,1.9071,1.8534,1.8016,1.7546,1.7116,1.6745,1.6422,1.6168,1.5973,1.5846,1.5787,1.5758,1.5738,1.5728,1.5728,1.5728,1.5728,1.5728,1.5728,1.5728,1.5709,1.567,1.5621,1.5582,1.5543,1.5484,1.5406,1.5288,1.5132,1.4956,1.477,1.4585,1.4389,1.4194,1.3998,1.3851,1.3744,1.3627,1.3509,1.3382,1.3255,1.3128,1.3001,1.2884,1.2776,1.2688,1.2581,1.2473,1.2424,1.2385,1.2346,1.2307,1.2268,1.2239,1.2209,1.218,1.216,1.2151,1.2151,1.2151,1.216,1.218,1.219,1.2199,1.2219,1.2258,1.2317,1.2375,1.2434,1.2483,1.2512,1.2522,1.2561,1.261,1.2669,1.2727,1.2776,1.2815,1.2835,1.2845,1.2854,1.2854,1.2854,1.2854,1.2854,1.2874,1.2864,1.2796,1.2698,1.262,1.2581,1.2571,1.2649,1.2893,1.3372,1.4115,1.5152,1.6237,1.7419,1.8954,2.0674,2.2463,2.4194,2.5758,2.7107,2.8221,2.9081,2.9707,3.0098,3.0293,3.0293,3.0166,2.999,2.9775,2.9541,2.9286,2.9003,2.87,2.8416,2.8143,2.7898,2.7674,2.7449,2.7224,2.7019,2.6804,2.6549,2.6237,2.5875,2.5435,2.4907,2.4321,2.3685,2.2991,2.2287,2.1681,2.1114,2.0508,1.9932,1.9433,1.9003,1.8661,1.8397,1.8182,1.8025,1.7908,1.782,1.7742,1.7674,1.7625,1.7586,1.7546,1.7527,1.7488,1.74,1.7292,1.7155,1.6989,1.6813,1.6608,1.6422,1.6266,1.608,1.5855,1.563,1.5425,1.523,1.5034,1.4819,1.4594,1.437,1.4135,1.393,1.3763,1.3597,1.3451,1.3314,1.3177,1.305,1.2923,1.2757,1.2581,1.2424,1.2278,1.2141,1.2043,1.1965,1.1857,1.174,1.1632,1.1544,1.1466,1.1398,1.1329,1.1251,1.1144,1.1046,1.0997,1.0968,1.0958,1.0968,1.0987,1.0997,1.0968,1.0919,1.087,1.0811,1.0743,1.0694,1.0674,1.0674,1.0694,1.0704,1.0694,1.0684,1.0684,1.0684,1.0684,1.0655,1.0606,1.0547,1.0489,1.0459,1.044,1.042,1.044,1.0557,1.085,1.1349,1.2102,1.3128,1.4399,1.5855,1.7429,1.9062,2.0469,2.1711,2.3001,2.4164,2.5093,2.5806,2.6285,2.6549,2.6618,2.6549,2.6383,2.6139,2.5875,2.5611,2.5337,2.5054,2.4751,2.4438,2.4135,2.3832,2.3558,2.3284,2.3001,2.2698,2.2405,2.2092,2.175,2.1359,2.0919,2.0411,1.9853,1.9277,1.87,1.8133,1.7615,1.7146,1.6716,1.6364,1.609,1.5855,1.5699,1.5601,1.5552,1.5533,1.5523,1.5533,1.5552,1.5572,1.5601,1.5621,1.563,1.5601,1.5543,1.5474,1.5415,1.5347,1.5279,1.522,1.5152,1.5054,1.4907,1.4741,1.4594,1.4438,1.4242,1.4037,1.3822,1.3529,1.3216,1.2991,1.2815,1.2669,1.2532,1.2395,1.2297,1.2209,1.2121,1.2043,1.1975,1.1926,1.1896,1.1887,1.1877,1.1877,1.1838,1.176,1.1672,1.1623,1.1584,1.1535,1.1515,1.1505,1.1496,1.1525,1.1574,1.1593,1.1623,1.1652,1.1681,1.174,1.1818,1.1896,1.1965,1.2033,1.2082,1.2121,1.216,1.219,1.2229,1.2248,1.2258,1.2258,1.2278,1.2297,1.2307,1.2317,1.2317,1.2317,1.2317,1.2307,1.2268,1.2229,1.2239,1.2356,1.26,1.3011,1.3695,1.4692,1.5982,1.7507,1.9238,2.1056,2.2835,2.4526,2.6031,2.7302,2.8299,2.8935,2.9316,2.957,2.9677,2.9668,2.957,2.9384,2.9169,2.8944,2.871,2.8475,2.825,2.8006,2.7752,2.7517,2.7302,2.7097,2.6901,2.6667,2.6393,2.6061,2.567,2.5239,2.4761,2.4233,2.3715,2.3206,2.2639,2.2014,2.1378,2.0743,2.0117,1.955,1.9052,1.8622,1.828,1.8035,1.7859,1.7742,1.7654,1.7576,1.7507,1.7439,1.737,1.7302,1.7234,1.7175,1.7107,1.7028,1.6921,1.6823,1.6725,1.6579,1.6373,1.6149,1.5904,1.565,1.5415,1.52,1.5005,1.4809,1.4614,1.4448,1.4301,1.4135,1.3939,1.3724,1.3519,1.3343,1.3187,1.304,1.2903,1.2776,1.2649,1.2522,1.2405,1.2287,1.2141,1.2004,1.1877,1.174,1.1613,1.1486,1.1339,1.1183,1.1056,1.0968,1.0919,1.0899,1.085,1.0802,1.0743,1.0684,1.0616,1.0547,1.0499,1.0479,1.0469,1.0459,1.0459,1.0469,1.0479,1.0479,1.0479,1.045,1.0401,1.0352,1.0323,1.0313,1.0303,1.0303,1.0264,1.0244,1.0235,1.0196,1.0147,1.0088,1.0029,1,1.0049,1.0225,1.0567,1.1134,1.1955,1.2845,1.3881,1.5239,1.6804,1.8485,2.0176,2.1769,2.3157,2.4301,2.5191,2.5836,2.6246,2.6471,2.65,2.6403,2.6227,2.5982,2.5699,2.5376,2.5054,2.477,2.4497,2.4233,2.3969,2.3705,2.3451,2.3177,2.2874,2.2561,2.2248,2.1896,2.1515,2.1095,2.0626,2.0108,1.9541,1.8964,1.8387,1.7879,1.741,1.695,1.6549,1.6197,1.5924,1.5728,1.5582,1.5494,1.5445,1.5425,1.5425,1.5445,1.5455
87.675,86.161,84.745,83.572,82.547,81.814,81.179,80.739,80.446,80.153,80.007,79.909,80.007,80.153,80.349,80.544,80.739,80.935,81.032,81.032,81.032,80.935,80.69,80.446,80.104,79.762,79.323,78.786,78.346,77.809,77.223,76.636,76.05,75.562,74.976,74.487,73.999,73.51,73.071,72.631,72.24,71.85,71.508,71.117,70.726,70.384,70.042,69.798,69.505,69.261,68.919,68.675,68.431,68.186,67.942,67.747,67.503,67.307,67.063,66.868,66.721,66.526,66.379,66.233,66.135,65.988,65.842,65.744,65.598,65.5,65.353,65.305,65.158,65.109,65.012,64.816,64.67,64.474,64.23,63.986,63.742,63.448,63.107,62.716,62.374,61.983,61.592,61.299,61.153,61.153,61.544,62.618,64.474,67.356,71.117,75.366,79.86,84.354,88.799,93.048,97.053,100.81,104.14,106.87,109.07,110.53,111.41,111.56,111.17,110.44,109.36,108.09,106.72,105.36,104.14,102.91,101.94,101.06,100.37,99.74,99.154,98.616,98.03,97.493,96.858,96.174,95.441,94.513,93.341,91.973,90.508,88.799,87.187,85.624,84.305,83.182,82.351,81.667,81.13,80.739,80.495,80.349,80.3,80.349,80.495,80.593,80.739,80.935,81.032,81.13,81.179,81.13,80.935,80.69,80.349,80.007,79.567,79.03,78.541,78.004,77.418,76.881,76.246,75.611,75.073,74.536,73.999,73.51,72.973,72.485,72.045,71.605,71.166,70.726,70.384,69.994,69.603,69.31,68.919,68.626,68.284,68.04,67.747,67.551,67.307,67.063,66.819,66.526,66.281,66.135,65.94,65.744,65.549,65.402,65.256,65.06,64.865,64.718,64.621,64.474,64.425,64.279,64.181,64.035,63.937,63.742,63.595,63.448,63.253,63.107,62.911,62.716,62.569,62.374,62.13,61.788,61.544,61.348,61.251,61.299,61.592,62.423,63.937,66.281,69.554,73.364,77.613,82.009,86.356,90.557,94.513,98.177,101.5,104.43,106.72,108.48,109.61,110.09,110,109.36,108.29,107.07,105.6,104.14,102.72,101.45,100.23,99.154,98.323,97.493,96.76,96.125,95.49,94.904,94.318,93.536,92.755,91.729,90.557,89.189,87.675,86.161,84.745,83.572,82.547,81.814,81.228,80.788,80.495,80.3,80.153,80.153,80.251,80.446,80.593,80.788,80.984,81.13,81.228,81.277,81.277,81.179,81.032,80.788,80.495,80.104,79.665,79.225,78.737,78.248,77.662,77.174,76.636,76.05,75.464,74.927,74.438,73.901,73.413,72.924,72.485,72.094,71.752,71.361,70.97,70.629,70.287,69.994,69.749,69.407,69.163,68.919,68.675,68.431,68.235,67.991,67.747,67.551,67.405,67.258,67.063,66.916,66.721,66.526,66.428,66.281,66.184,66.037,65.988,65.842,65.744,65.695,65.549,65.353,65.256,65.109,65.012,64.816,64.67,64.572,64.425,64.23,64.035,63.79,63.546,63.253,62.911,62.569,62.276,62.179,62.227,62.814,63.986,66.184,69.359,73.315,77.662,82.156,86.601,90.948,95.051,98.909,102.47,105.55,108.09,110.05,111.36,111.95,111.95,111.41,110.49,109.31,107.95,106.63,105.31,104.14,103.06,102.04,101.25,100.47,99.935,99.349,98.909,98.47,98.03,97.542,96.907,96.174,95.197,94.074,92.608,91.045,89.385,87.675,86.161,84.842,83.865,82.986,82.302,81.716,81.277,81.032,80.886,80.788,80.886,80.935,81.13,81.228,81.423,81.472,81.57,81.472,81.374,81.228,80.984,80.593,80.251,79.811,79.323,78.786,78.248,77.613,77.027,76.49,75.904,75.318,74.731,74.243,73.755,73.217,72.729,72.289,71.85,71.41,71.068,70.677,70.287,69.945,69.603,69.31,68.968,68.675,68.431,68.089,67.844,67.6,67.405,67.161,66.965,66.721,66.526,66.379,66.135,65.988,65.793,65.695,65.549,65.353,65.256,65.109,65.012,64.865,64.67,64.572,64.425,64.23,64.132,63.937,63.742,63.546,63.351,63.155,63.009,62.716,62.472,62.276,62.032,61.788,61.69,61.739,61.983,62.667,64.035,66.379,69.505,73.315,77.467,81.863,86.161,90.362,94.416,98.177,101.55,104.58,106.92,108.82,110,110.53,110.63,110.05,109.07,107.8,106.38,104.92,103.55,102.18,101.01,99.935,99.056,98.225,97.591,97.004,96.418,95.881,95.246,94.562,93.683,92.608,91.436,90.069,88.506,86.943,85.379,84.061,82.986,82.156,81.57,81.032,80.69,80.446,80.251,80.251,80.251,80.349,80.544,80.739,80.935,81.179,81.277,81.423,81.423,81.374,81.228,81.032,80.739,80.349,79.909,79.469,78.981,78.492,78.004,77.418,76.929,76.343,75.806,75.22,74.731,74.243,73.755,73.315,72.778,72.387,71.947,71.508,71.117,70.726,70.433,70.042,69.798,69.554,69.261,68.968,68.724,68.528,68.284,68.089,67.942,67.747,67.551,67.405,67.258,67.063,66.916,66.819,66.672,66.526,66.477,66.428,66.281,66.184,66.037,65.988,65.842,65.744,65.598,65.5,65.305,65.158,65.012,64.816,64.621,64.377,64.181,63.937,63.595,63.351,63.155,63.107,63.302,63.937,65.158,67.356,70.482,74.438,78.737,83.23,87.626,91.876,95.881,99.691,103.11,106.19,108.68,110.53,111.8,112.39,112.39,111.8,110.92,109.75,108.48,107.16,105.94,104.82,103.74,102.87,102.04,101.45,100.81,100.33,99.789,99.349,98.86,98.225,97.591,96.858,95.93,94.806,93.439,91.925,90.215,88.603,87.138,85.819,84.745,83.865,83.182,82.595,82.107,81.814,81.57,81.423,81.423,81.423,81.57,81.667,81.716,81.814,81.814,81.814,81.667,81.57,81.277,81.032,80.69,80.3,79.811,79.323,78.737,78.199,77.613,77.125,76.539,76.001,75.415,74.927,74.438,73.852,73.364,72.875,72.387,71.947,71.557,71.117,70.726,70.384,69.994,69.652,69.359,69.066,68.724,68.431,68.186,67.942,67.698,67.405,67.258,66.965,66.819,66.623,66.477,66.281,66.135,65.94,65.793,65.598,65.5,65.353,65.158,65.06,65.012,64.865,64.718,64.572,64.425,64.23,64.035,63.937,63.742,63.546,63.302,63.107,62.911,62.667,62.423,62.179,61.983,61.885,61.788,62.032,62.618,63.839,65.988,68.919,72.631,76.783,81.228,85.624,89.922,93.976,97.786,101.3,104.43,106.97,108.97,110.39,111.12,111.17,110.73,109.85,108.68,107.31,105.85,104.48,103.16,101.99,100.91,99.984,99.154,98.421,97.884,97.297,96.76,96.125,95.441,94.611,93.634,92.413,91.045,89.482,87.871,86.259,84.793,83.572,82.595,81.814,81.228,80.788,80.495,80.3,80.153,80.153,80.3,80.446,80.593,80.886,81.032,81.179,81.277,81.277,81.228,81.179,80.984,80.788,80.495,80.104,79.762,79.225,78.737,78.248,77.76,77.223,76.685,76.197,75.66,75.171,74.683,74.194,73.657,73.217,72.729,72.387,71.947,71.557,71.215,70.873,70.482,70.091,69.798,69.505,69.261,68.968,68.724,68.528,68.284,68.04,67.844,67.747,67.551,67.356,67.258,67.063,66.916,66.819,66.721,66.623,66.477,66.428,66.281,66.233,66.135,65.988,65.842,65.744,65.695,65.549,65.402,65.256,65.109,64.914,64.718,64.474,64.23,63.986,63.742,63.497,63.253,63.155,63.155,63.546,64.474,66.184,68.87,72.436,76.685,81.228,85.868,90.41,94.758,98.86,102.62,105.94,108.68,110.83,112.24,113.07,113.22,112.88,112.05,110.88,109.56,108.19,106.87,105.6,104.48,103.55,102.72,102.13,101.55,101.11,100.67,100.33,99.886,99.447,98.86,98.225,97.444,96.369,95.197,93.732,92.12,90.41,88.701,87.187,85.868,84.745,83.865,83.182,82.595,82.156,81.863,81.667,81.618,81.618,81.667,81.814,81.912,82.058,82.107,82.107,82.107,82.009,81.814,81.618,81.277,80.935,80.495,80.055,79.469,78.981,78.346,77.76,77.174,76.539,76.001,75.464,74.927,74.341,73.852,73.364,72.924,72.436,71.996,71.557,71.166,70.824,70.433,70.042,69.749,69.407,69.114,68.821,68.528,68.284,68.04,67.796,67.551,67.356,67.112,66.916,66.721,66.526,66.379,66.184,66.037,65.842,65.744,65.598,65.402,65.305,65.256,65.109,65.012,64.865,64.718,64.621,64.425,64.181,63.986,63.79,63.693,63.497,63.302,63.058,62.716,62.472,62.227,62.13,62.032,62.13,97.053,96.223,95.246,93.976,92.56,90.997,89.287,87.675,86.259,85.135,84.158,83.475,82.986,82.547,82.302,82.107,82.058,82.058,82.156,82.351,82.547,82.791,82.937,83.035,83.133,83.133,82.986,82.84,82.595,82.302,81.912,81.423,80.935,80.446,79.909,79.323,78.737,78.199,77.613,77.027,76.49,76.001,75.464,74.976,74.536,74.097,73.657,73.315,72.924,72.533,72.192,71.85,71.557,71.312,70.97,70.726,70.433,70.189,69.945,69.652,69.407,69.261,69.066,68.919,68.724,68.528,68.382,68.186,68.04,67.844,67.698,67.503,67.356,67.258,67.063,66.868,66.672,66.526,66.428,66.281,66.135,65.988,65.842,65.695,65.549,65.353,65.158,65.012,64.718,64.474,64.23,63.937,63.693,63.302,63.009,62.569,62.179,61.934,61.788,61.885,62.374,63.546,65.744,68.87,72.729,77.174,81.716,86.308,90.752,95.002,99.007,102.67,105.99,108.73,110.88,112.29,113.07,113.12,112.73,112,110.92,109.66,108.43,107.26,106.14,105.16,104.43,103.74,103.11,102.67,102.23,101.79,101.35,100.91,100.42,99.789,99.105,98.225,97.2,95.881,94.318,92.608,90.948,89.287,87.871,86.601,85.624,84.745,84.061,83.426,82.986,82.693,82.498,82.351,82.351,82.449,82.498,82.595,82.693,82.742,82.742,82.693,82.498,82.302,82.009,81.667,81.228,80.739,80.251,79.762,79.176,78.59,78.053,77.467,76.929,76.343,75.806,75.318,74.78,74.341,73.901,73.51,72.973,72.533,72.192,71.801,71.41,71.068,70.726,70.433,70.091,69.798,69.554,69.261,68.968,68.724,68.479,68.235,67.991,67.796,67.551,67.356,67.161,66.965,66.819,66.623,66.428,66.233,66.037,65.94,65.744,65.549,65.402,65.305,65.158,65.06,64.865,64.718,64.572,64.377,64.181,63.986,63.839,63.693,63.448,63.253,63.009,62.814,62.569,62.276,62.032,61.934,61.934,62.032,62.569,63.546,65.402,68.089,71.605,75.611,80.007,84.354,88.75,92.853,96.809,100.47,103.74,106.48,108.68,110.24,111.17,111.51,111.32,110.63,109.61,108.39,107.07,105.75,104.48,103.31,102.28,101.45,100.67,99.984,99.349,98.812,98.225,97.737,97.102,96.418,95.539,94.562,93.341,91.925,90.362,88.799,87.284,85.966,84.842,84.012,83.23,82.742,82.302,82.058,81.863,81.814,81.863,82.009,82.107,82.302,82.449,82.547,82.693,82.742,82.742,82.693,82.498,82.302,82.009,81.618,81.179,80.69,80.104,79.567,78.981,78.492,77.906,77.369,76.881,76.294,75.806,75.318,74.731,74.292,73.852,73.413,72.973,72.631,72.289,71.947,71.605,71.312,70.97,70.726,70.482,70.238,69.994,69.749,69.505,69.31,69.114,68.919,68.724,68.528,68.382,68.186,67.991,67.844,67.747,67.551,67.405,67.307,67.161,67.063,66.916,66.819,66.672,66.526,66.379,66.233,66.135,65.94,65.744,65.598,65.353,65.109,64.816,64.474,64.181,63.79,63.448,63.058,62.814,62.716,62.911,63.595,65.06,67.405,70.726,74.731,79.176,83.67,88.164,92.56,96.662,100.47,103.99,106.97,109.51,111.32,112.49,112.98,112.93,112.44,111.56,110.49,109.26,107.99,106.82,105.75,104.82,103.99,103.35,102.87,102.38,101.94,101.5,101.11,100.67,100.13,99.447,98.616,97.591,96.369,94.855,93.195,91.436,89.727,88.115,86.747,85.624,84.696,83.914,83.279,82.791,82.449,82.253,82.107,82.156,82.253,82.351,82.498,82.693,82.742,82.791,82.742,82.595,82.449,82.156,81.863,81.472,81.032,80.544,80.007,79.469,78.932,78.297,77.76,77.174,76.636,76.05,75.464,74.976,74.487,73.999,73.559,73.12,72.68,72.24,71.801,71.41,71.068,70.726,70.384,70.042,69.749,69.505,69.261,68.919,68.675,68.479,68.235,68.04,67.796,67.6,67.405,67.161,66.965,66.819,66.623,66.428,66.233,66.135,65.988,65.793,65.695,65.549,65.353,65.256,65.109,64.914,64.816,64.621,64.425,64.23,63.986,63.839,63.693,63.497,63.302,63.107,62.862,62.618,62.374,62.179,62.032,62.179,62.472,63.351,65.012,67.503,70.824,74.683,78.932,83.377,87.724,91.973,95.979,99.691,103.01,105.85,108.19,109.95,111.07,111.51,111.41,110.88,109.95,108.73,107.51,106.19,104.92,103.79,102.82,101.94,101.16,100.47,99.886,99.349,98.812,98.225,97.591,96.858,95.979,94.904,93.683,92.218,90.655,88.994,87.431,85.966,84.842,83.914,83.182,82.693,82.302,82.009,81.814,81.716,81.814,81.912,82.107,82.302,82.547,82.742,82.84,82.937,82.937,82.84,82.693,82.449,82.107,81.814,81.374,80.886,80.349,79.86,79.323,78.737,78.102,77.564,76.978,76.49,75.904,75.366,74.878,74.341,73.901,73.51,73.12,72.729,72.387,71.996,71.654,71.361,71.117,70.824,70.482,70.238,69.994,69.749,69.554,69.31,69.114,68.919,68.724,68.528,68.382,68.235,68.04,67.942,67.796,67.698,67.503,67.356,67.258,67.112,66.965,66.916,66.819,66.672,66.526,66.428,66.233,66.135,65.94,65.744,65.598,65.402,65.256,65.012,64.67,64.377,64.035,63.742,63.497,63.351,63.546,64.132,65.5,67.844,71.117,75.122,79.469,84.061,88.506,92.804,96.858,100.72,104.18,107.16,109.66,111.51,112.63,113.12,113.07,112.49,111.61,110.49,109.26,108.04,106.87,105.85,104.92,104.23,103.55,103.01,102.57,102.13,101.74,101.3,100.81,100.23,99.544,98.763,97.688,96.467,95.002,93.341,91.632,89.873,88.261,86.845,85.721,84.793,84.061,83.426,82.986,82.595,82.449,82.351,82.351,82.498,82.595,82.742,82.84,82.937,82.986,82.937,82.791,82.547,82.253,81.912,81.472,81.032,80.544,80.055,79.567,78.932,78.297,77.76,77.125,76.636,76.05,75.464,74.976,74.438,73.901,73.51,73.071,72.631,72.24,71.85,71.508,71.068,70.677,70.384,70.042,69.749,69.505,69.261,68.968,68.675,68.431,68.186,67.991,67.747,67.551,67.356,67.161,66.965,66.819,66.623,66.477,66.281,66.184,66.037,65.842,65.744,65.598,65.402,65.256,65.109,65.012,64.816,64.67,64.474,64.279,64.132,63.937,63.742,63.497,63.253,63.009,62.716,62.569,62.374,62.276,62.423,62.814,63.742,65.5,68.04,71.508,75.464,79.762,84.11,88.408,92.608,96.614,100.37,103.74,106.53,108.82,110.44,111.41,111.8,111.61,110.92,110,108.73,107.36,106.04,104.82,103.6,102.62,101.69,100.91,100.23,99.691,99.105,98.567,97.981,97.346,96.662,95.783,94.758,93.488,91.973,90.362,88.75,87.138,85.673,84.5,83.621,82.937,82.351,81.912,81.667,81.472,81.472,81.57,81.667,81.863,82.107,82.302,82.498,82.595,82.693,82.693,82.595,82.449,82.156,81.863,81.472,81.032,80.593,80.104,79.567,78.981,78.444,77.906,77.369,76.783,76.246,75.757,75.171,74.683,74.194,73.755,73.364,72.973,72.631,72.24,71.85,71.508,71.166,70.873,70.531,70.238,69.994,69.749,69.505,69.31,69.114,68.919,68.724,68.626,68.431,68.235,68.089,67.991,67.796,67.698,67.551,67.356,67.307,67.161,67.063,66.916,66.819,66.672,66.526,66.379,66.233,66.135,65.94,65.793,65.598,65.5,65.305,65.06,64.865,64.621,64.377,64.035,63.839,63.742,63.79,64.132,65.06,66.721,69.31,72.729,76.734,81.032,85.428,89.824,93.976,97.981,101.69,105.01,107.85,110.09,111.76,112.73,113.07,112.93,112.29,111.36,110.24,108.97,107.85,106.72,105.8,104.92,104.18,103.6,103.06,102.62,102.18,101.79,101.45,100.91,100.37,99.691,98.86,97.786,96.467,95.002,93.292,91.485,89.678,88.066,86.698,85.477,84.549,83.865,83.23,82.791,82.547,82.351,82.302,82.351,82.498,82.595,82.791,82.937,83.035,83.133,83.035,82.986,82.791,82.498,82.107,81.667,81.179,80.593,80.055,79.421,78.883,78.248,77.662,77.125,76.49,75.904,75.415,74.878,74.341,73.852,73.413,72.973,72.533,72.094,71.752,71.361,70.97,70.677,70.384,70.042,69.749,69.407,69.163,68.919,68.675,68.479,68.235,68.04,67.796,67.6,67.405,67.258,67.063,66.916,66.721,66.526,66.379,66.233,66.135,65.988,68.089,67.991,67.796,67.698,67.551,67.405,67.258,67.112,66.965,66.868,66.672,66.526,66.379,66.233,66.135,65.94,65.744,65.549,65.353,65.109,114.78,113.61,112.39,111.12,110.05,109.07,108.24,107.51,106.87,106.38,105.85,105.36,104.87,104.28,103.74,103.06,102.28,101.35,100.33,99.007,97.493,95.783,93.976,92.169,90.557,89.092,87.919,86.991,86.259,85.673,85.233,84.842,84.696,84.549,84.549,84.696,84.745,84.842,84.989,85.038,85.038,84.989,84.793,84.549,84.256,83.865,83.426,82.84,82.302,81.716,81.179,80.544,79.909,79.372,78.737,78.199,77.564,76.978,76.49,76.001,75.464,74.976,74.536,74.048,73.657,73.315,72.924,72.533,72.192,71.85,71.557,71.215,70.922,70.677,70.384,70.091,69.847,69.603,69.407,69.163,68.968,68.724,68.479,68.284,68.089,67.942,67.796,67.6,67.405,67.258,67.112,66.916,66.819,66.623,66.477,66.281,66.184,65.988,65.793,65.695,65.5,65.305,65.109,64.914,64.718,64.572,64.279,64.035,63.79,63.693,63.546,63.693,64.035,65.012,66.672,69.261,72.631,76.539,80.886,85.282,89.727,94.074,98.03,101.89,105.31,108.29,110.73,112.54,113.66,114.2,114.1,113.56,112.63,111.36,110.09,108.82,107.6,106.48,105.55,104.72,104.04,103.45,102.87,102.38,101.94,101.5,100.91,100.23,99.447,98.421,97.2,95.734,94.074,92.315,90.557,88.847,87.431,86.259,85.282,84.549,83.914,83.475,83.23,83.035,82.986,83.035,83.182,83.279,83.475,83.621,83.719,83.865,83.865,83.816,83.621,83.377,83.035,82.693,82.253,81.716,81.228,80.69,80.104,79.567,78.932,78.346,77.809,77.223,76.685,76.099,75.611,75.122,74.634,74.194,73.755,73.364,72.924,72.631,72.289,71.996,71.654,71.41,71.166,70.922,70.677,70.433,70.238,70.042,69.847,69.603,69.407,69.31,69.114,68.968,68.821,68.626,68.479,68.382,68.235,68.04,67.844,67.747,67.551,67.356,67.258,67.112,66.965,66.868,66.721,66.623,66.428,66.281,66.135,65.988,65.842,65.695,65.549,65.353,65.158,65.012,64.718,64.474,64.279,64.181,64.132,64.279,64.816,65.988,68.04,71.068,74.878,79.176,83.816,88.408,92.999,97.346,101.5,105.31,108.68,111.61,113.86,115.42,116.3,116.54,116.25,115.47,114.44,113.22,111.95,110.73,109.56,108.53,107.75,107.12,106.53,106.04,105.6,105.16,104.67,104.14,103.5,102.82,101.99,101.01,99.789,98.421,96.809,95.002,93.097,91.29,89.629,88.261,87.138,86.259,85.575,84.989,84.549,84.305,84.11,84.061,84.11,84.158,84.354,84.5,84.598,84.745,84.696,84.598,84.5,84.256,83.914,83.572,83.035,82.547,82.009,81.374,80.739,80.104,79.469,78.883,78.297,77.76,77.174,76.685,76.099,75.611,75.073,74.536,74.097,73.657,73.217,72.778,72.485,72.094,71.801,71.41,71.117,70.824,70.482,70.238,69.994,69.749,69.505,69.261,69.066,68.821,68.626,68.431,68.235,67.991,67.796,67.6,67.405,67.258,67.112,66.916,66.721,66.526,66.428,66.233,66.135,65.988,65.842,65.695,65.549,65.353,65.158,65.012,64.816,64.621,64.425,64.23,64.035,63.79,63.546,63.302,63.107,63.058,63.253,63.693,64.718,66.623,69.359,72.924,77.027,81.423,85.868,90.313,94.562,98.567,102.23,105.55,108.43,110.68,112.29,113.32,113.61,113.42,112.73,111.66,110.49,109.17,107.85,106.68,105.7,104.82,103.99,103.35,102.72,102.18,101.6,101.11,100.57,99.935,99.154,98.323,97.249,95.979,94.513,92.804,91.045,89.385,87.724,86.405,85.379,84.5,83.865,83.377,82.937,82.693,82.547,82.498,82.595,82.742,82.937,83.133,83.23,83.377,83.426,83.426,83.279,83.182,82.84,82.547,82.156,81.667,81.179,80.69,80.104,79.469,78.932,78.346,77.809,77.223,76.685,76.099,75.611,75.122,74.634,74.194,73.657,73.217,72.778,72.436,72.045,71.752,71.41,71.166,70.873,70.629,70.384,70.189,69.945,69.749,69.554,69.359,69.261,69.066,68.919,68.821,68.626,68.431,68.284,68.089,67.942,67.796,67.6,67.503,67.356,67.258,67.112,66.965,66.868,66.721,66.623,66.428,66.281,66.135,65.988,65.793,65.695,65.5,65.353,65.158,65.012,64.718,64.474,64.23,64.035,63.986,63.937,64.181,64.816,66.135,68.284,71.41,75.318,79.665,84.256,88.799,93.292,97.591,101.6,105.36,108.68,111.36,113.51,114.93,115.66,115.81,115.42,114.64,113.51,112.29,110.97,109.8,108.68,107.7,106.87,106.19,105.6,105.11,104.72,104.28,103.94,103.45,102.87,102.18,101.3,100.23,98.909,97.493,95.881,94.074,92.169,90.362,88.75,87.431,86.356,85.575,84.842,84.354,83.914,83.67,83.572,83.572,83.621,83.719,83.914,84.061,84.158,84.158,84.158,84.061,83.914,83.719,83.426,82.986,82.547,82.058,81.472,80.935,80.3,79.762,79.127,78.492,77.906,77.32,76.734,76.197,75.66,75.171,74.683,74.194,73.755,73.217,72.778,72.436,72.045,71.654,71.312,70.97,70.677,70.384,70.042,69.798,69.554,69.31,69.066,68.87,68.626,68.382,68.186,67.942,67.747,67.551,67.356,67.161,66.916,66.721,66.623,66.477,66.379,66.184,66.037,65.94,65.744,65.598,65.402,65.256,65.06,64.914,64.718,64.572,64.425,64.23,64.035,63.839,63.595,63.302,63.058,62.862,62.716,62.814,63.009,63.693,65.06,67.258,70.287,74.097,78.297,82.742,87.187,91.534,95.734,99.691,103.26,106.43,109.07,111.12,112.49,113.22,113.32,112.88,112,110.88,109.56,108.24,106.92,105.8,104.82,103.84,103.11,102.43,101.89,101.35,100.86,100.37,99.886,99.251,98.47,97.591,96.418,95.051,93.488,91.778,90.069,88.359,86.845,85.673,84.696,83.914,83.279,82.791,82.449,82.253,82.156,82.156,82.302,82.498,82.693,82.84,82.986,83.035,83.035,83.035,82.937,82.742,82.449,82.058,81.618,81.13,80.593,80.104,79.567,78.932,78.346,77.809,77.223,76.685,76.099,75.611,75.122,74.634,74.097,73.657,73.168,72.778,72.436,72.045,71.605,71.312,70.97,70.677,70.433,70.091,69.945,69.652,69.505,69.261,69.114,68.919,68.821,68.626,68.479,68.284,68.186,67.991,67.844,67.747,67.6,67.405,67.307,67.161,67.063,66.916,66.819,66.672,66.526,66.428,66.281,66.184,65.988,65.842,65.695,65.5,65.353,65.158,65.012,64.816,64.621,64.377,64.132,63.839,63.693,63.546,63.595,63.986,64.865,66.526,69.163,72.68,76.783,81.228,85.819,90.313,94.66,98.86,102.82,106.28,109.41,111.95,113.76,114.93,115.37,115.32,114.73,113.81,112.63,111.36,110.09,108.92,107.85,106.92,106.19,105.55,105.01,104.48,104.04,103.7,103.26,102.82,102.23,101.55,100.62,99.544,98.177,96.565,94.758,92.853,90.948,89.238,87.724,86.503,85.575,84.793,84.158,83.67,83.377,83.182,83.133,83.182,83.279,83.475,83.67,83.865,83.914,84.012,83.914,83.865,83.621,83.377,82.986,82.498,82.009,81.423,80.886,80.251,79.616,79.03,78.444,77.858,77.223,76.685,76.099,75.611,75.122,74.536,74.048,73.608,73.168,72.729,72.387,71.996,71.605,71.215,70.922,70.629,70.287,69.994,69.652,69.407,69.163,68.968,68.724,68.528,68.284,68.089,67.942,67.698,67.503,67.258,67.063,66.868,66.672,66.526,66.428,66.281,66.184,65.988,65.793,65.695,65.5,65.353,65.158,65.06,64.914,64.718,64.621,64.377,64.181,63.937,63.742,63.448,63.155,63.009,62.814,62.716,62.911,63.448,64.474,66.379,69.114,72.631,76.685,81.032,85.477,89.824,94.074,97.981,101.69,105.01,107.8,110,111.56,112.54,112.88,112.63,111.95,110.88,109.56,108.24,106.92,105.8,104.72,103.84,103.06,102.38,101.79,101.25,100.72,100.23,99.74,99.105,98.421,97.542,96.418,95.099,93.634,91.925,90.166,88.506,86.943,85.673,84.598,83.816,83.182,82.693,82.302,82.107,82.058,82.058,82.107,82.302,82.498,82.693,82.84,82.986,83.035,82.986,82.84,82.742,82.498,82.156,81.716,81.277,80.788,80.251,79.616,79.03,107.51,106.87,106.38,105.94,105.6,105.26,104.92,104.48,104.04,103.45,102.62,101.69,100.57,99.154,97.591,95.783,93.878,91.973,90.215,88.799,87.626,86.601,85.868,85.184,84.745,84.403,84.256,84.158,84.256,84.354,84.5,84.696,84.793,84.842,84.94,84.842,84.745,84.5,84.158,83.719,83.279,82.742,82.156,81.618,80.984,80.446,79.811,79.176,78.59,78.053,77.467,76.929,76.441,75.855,75.366,74.878,74.438,74.048,73.608,73.315,72.924,72.631,72.24,71.947,71.605,71.312,70.97,70.677,70.433,70.189,69.994,69.749,69.505,69.31,69.114,68.919,68.724,68.479,68.284,68.089,67.991,67.796,67.6,67.503,67.307,67.161,67.063,66.868,66.721,66.623,66.428,66.233,66.037,65.842,65.598,65.402,65.256,65.06,64.865,64.621,64.377,64.132,63.839,63.742,63.693,63.79,64.23,65.353,67.258,69.994,73.559,77.613,82.009,86.405,90.752,94.904,98.909,102.67,106.04,108.92,111.22,112.93,113.9,114.25,114.05,113.37,112.39,111.17,109.8,108.48,107.31,106.19,105.26,104.43,103.74,103.11,102.57,102.04,101.6,101.11,100.47,99.789,98.909,97.786,96.467,95.002,93.243,91.387,89.531,87.919,86.552,85.477,84.598,84.012,83.475,83.182,82.986,82.937,82.986,83.182,83.377,83.621,83.865,84.11,84.256,84.354,84.403,84.354,84.158,83.914,83.572,83.182,82.742,82.156,81.667,81.13,80.593,80.055,79.469,78.932,78.346,77.76,77.223,76.685,76.197,75.66,75.22,74.78,74.341,73.999,73.608,73.217,72.924,72.533,72.24,71.947,71.654,71.41,71.166,70.922,70.726,70.531,70.384,70.189,69.994,69.798,69.652,69.505,69.359,69.261,69.114,68.968,68.87,68.675,68.626,68.479,68.431,68.235,68.089,67.991,67.844,67.747,67.551,67.405,67.258,66.965,66.819,66.526,66.281,65.988,65.744,65.5,65.305,65.256,65.353,65.94,67.063,69.066,71.996,75.66,79.86,84.256,88.701,92.999,97.2,101.16,104.87,108.04,110.73,112.88,114.3,115.13,115.32,114.93,114.2,113.12,112,110.83,109.75,108.73,107.85,107.12,106.48,105.99,105.6,105.26,104.87,104.48,104.04,103.55,102.91,102.18,101.25,100.13,98.812,97.2,95.441,93.536,91.729,90.069,88.701,87.48,86.552,85.819,85.184,84.696,84.354,84.158,84.158,84.158,84.305,84.403,84.549,84.696,84.745,84.745,84.696,84.549,84.305,84.012,83.621,83.133,82.595,82.058,81.472,80.886,80.251,79.616,78.981,78.346,77.809,77.223,76.685,76.197,75.66,75.171,74.683,74.243,73.803,73.413,73.071,72.68,72.289,71.947,71.605,71.312,71.068,70.726,70.482,70.238,69.994,69.749,69.505,69.31,69.066,68.87,68.724,68.528,68.382,68.186,67.991,67.796,67.6,67.503,67.356,67.258,67.112,66.916,66.721,66.623,66.477,66.281,66.135,65.842,65.695,65.5,65.305,65.109,64.865,64.621,64.377,64.132,63.839,63.693,63.595,63.693,64.035,65.012,66.672,69.31,72.778,76.783,81.179,85.624,90.069,94.318,98.372,102.18,105.6,108.53,110.92,112.68,113.76,114.2,114.05,113.42,112.49,111.32,110,108.73,107.51,106.43,105.5,104.67,103.94,103.31,102.72,102.23,101.74,101.16,100.57,99.789,98.909,97.884,96.565,95.051,93.292,91.485,89.727,88.115,86.796,85.721,84.842,84.158,83.67,83.279,83.035,82.937,82.84,82.986,83.133,83.377,83.572,83.719,83.914,84.012,84.061,84.012,83.816,83.572,83.23,82.937,82.498,82.009,81.472,80.935,80.349,79.811,79.225,78.688,78.199,77.613,77.125,76.539,76.05,75.562,75.122,74.731,74.292,73.852,73.51,73.12,72.729,72.436,72.094,71.801,71.557,71.215,70.97,70.677,70.433,70.238,70.042,69.847,69.749,69.554,69.359,69.261,69.114,68.919,68.821,68.675,68.528,68.479,68.382,68.235,68.186,68.04,67.942,67.796,67.698,67.551,67.356,67.161,66.965,66.819,66.623,66.428,66.184,65.94,65.598,65.353,65.158,65.109,65.305,65.793,66.916,68.968,71.996,75.806,80.104,84.745,89.385,93.927,98.225,102.28,106.04,109.26,111.95,113.86,115.17,115.81,115.81,115.22,114.3,113.17,111.85,110.53,109.36,108.29,107.36,106.63,105.99,105.5,105.06,104.67,104.38,104.04,103.7,103.26,102.67,101.99,101.11,100.03,98.763,97.102,95.295,93.439,91.632,89.922,88.554,87.382,86.503,85.721,85.135,84.598,84.305,84.11,84.061,84.061,84.158,84.305,84.403,84.5,84.549,84.5,84.403,84.305,84.061,83.67,83.279,82.84,82.351,81.814,81.228,80.593,80.007,79.372,78.786,78.199,77.613,77.027,76.49,76.001,75.415,74.976,74.487,74.048,73.608,73.168,72.778,72.387,71.996,71.654,71.361,71.068,70.726,70.482,70.238,69.994,69.749,69.505,69.261,69.066,68.87,68.675,68.479,68.284,68.089,67.942,67.747,67.6,67.405,67.258,67.112,66.965,66.868,66.672,66.526,66.428,66.233,66.135,65.988,65.793,65.598,65.353,65.158,64.914,64.718,64.474,64.23,63.986,63.742,63.546,63.448,63.448,63.693,64.425,65.842,68.235,71.508,75.366,79.616,84.061,88.506,92.853,97.053,100.91,104.48,107.6,110.19,112.1,113.37,113.9,114,113.51,112.63,111.41,110.19,108.87,107.6,106.48,105.5,104.62,103.84,103.16,102.57,101.99,101.5,100.91,100.37,99.691,98.86,97.884,96.614,95.197,93.536,91.876,90.166,88.603,87.284,86.161,85.282,84.549,84.012,83.572,83.23,83.035,83.035,83.133,83.23,83.377,83.475,83.621,83.719,83.719,83.719,83.621,83.426,83.182,82.937,82.547,82.107,81.618,81.032,80.544,80.055,79.469,78.981,78.492,77.906,77.418,76.929,76.441,75.904,75.415,74.976,74.536,74.194,73.803,73.413,73.071,72.68,72.387,71.996,71.654,71.361,71.117,70.873,70.629,70.384,70.189,69.945,69.749,69.554,69.359,69.163,69.066,68.87,68.675,68.528,68.431,68.284,68.186,68.04,67.942,67.844,67.747,67.698,67.551,67.405,67.307,67.161,66.965,66.868,66.672,66.477,66.281,66.135,65.842,65.598,65.353,65.06,64.816,64.67,64.67,64.865,65.5,66.819,69.066,72.289,76.294,80.788,85.477,90.117,94.562,98.86,102.91,106.63,109.95,112.63,114.64,115.91,116.49,116.35,115.66,114.64,113.32,111.85,110.49,109.26,108.09,107.12,106.28,105.6,105.11,104.67,104.23,103.94,103.55,103.11,102.67,102.13,101.45,100.47,99.349,97.981,96.369,94.611,92.804,91.045,89.434,88.115,87.04,86.161,85.477,84.94,84.5,84.256,84.061,84.061,84.061,84.11,84.256,84.305,84.354,84.403,84.354,84.158,84.012,83.719,83.426,83.035,82.547,82.058,81.472,80.935,80.349,79.762,79.127,78.492,77.906,77.369,76.783,76.246,75.757,75.22,74.731,74.292,73.803,73.413,72.973,72.631,72.24,71.85,71.508,71.166,70.873,70.531,70.287,70.042,69.798,69.554,69.31,69.066,68.821,68.626,68.431,68.186,67.991,67.796,67.698,67.503,67.356,67.258,67.112,66.965,66.868,66.721,66.623,66.477,66.281,66.184,65.988,65.793,65.598,65.402,65.158,65.012,64.816,64.572,64.279,64.035,63.79,63.595,63.497,63.546,63.839,64.67,66.281,68.821,72.094,76.05,80.446,84.94,89.385,93.634,97.737,101.55,105.06,108.04,110.49,112.24,113.42,113.9,113.81,113.22,112.29,111.12,109.8,108.48,107.31,106.19,105.26,104.43,103.74,103.06,102.47,101.99,101.5,100.91,100.33,99.593,98.763,97.688,96.369,94.855,93.195,91.387,89.629,87.919,86.552,85.477,84.598,83.914,83.426,82.986,82.693,82.547,82.547,82.693,82.84,83.035,83.182,83.377,83.572,83.621,83.621,83.475,83.279,83.035,82.693,82.253,81.814,81.277,80.739,80.153,79.616,79.03,78.492,77.906,77.418,76.881,76.294,75.806,75.318,74.878,74.438,73.999,73.657,73.315,72.973,72.68,72.289,71.996,71.654,71.41,71.117,70.873,70.629,70.384,70.189,69.945,69.749,69.554,69.359,69.163,69.066,68.87,68.675,68.528,68.382,68.186,68.04,67.942,67.747,67.698,67.551,67.405,67.307,77.369,81.863,86.356,90.801,95.002,99.007,102.72,106.04,108.92,111.22,112.88,113.86,114.2,114,113.32,112.39,111.22,110.05,108.87,107.75,106.82,105.99,105.36,104.87,104.43,104.04,103.7,103.31,102.87,102.43,101.94,101.25,100.42,99.447,98.225,96.809,95.099,93.341,91.485,89.824,88.31,87.04,86.063,85.233,84.549,84.012,83.621,83.426,83.279,83.279,83.377,83.572,83.67,83.816,83.914,83.914,83.865,83.719,83.621,83.377,82.986,82.595,82.156,81.667,81.13,80.495,79.909,79.323,78.688,78.053,77.467,76.881,76.294,75.757,75.22,74.731,74.243,73.755,73.315,72.875,72.485,72.094,71.801,71.41,71.117,70.726,70.433,70.091,69.847,69.603,69.359,69.114,68.87,68.675,68.431,68.235,68.04,67.844,67.747,67.551,67.405,67.258,67.063,66.868,66.672,66.526,66.428,66.233,66.135,65.94,65.793,65.598,65.402,65.305,65.109,64.914,64.718,64.572,64.279,64.132,63.937,63.742,63.497,63.253,63.009,62.667,62.472,62.423,62.569,62.911,63.839,65.549,68.186,71.605,75.66,80.055,84.549,88.994,93.243,97.297,101.06,104.48,107.36,109.75,111.51,112.54,112.98,112.78,112.1,111.17,109.95,108.63,107.36,106.19,105.11,104.18,103.31,102.57,101.94,101.3,100.72,100.23,99.74,99.154,98.47,97.688,96.662,95.49,94.074,92.413,90.655,88.945,87.382,86.063,85.038,84.256,83.572,82.986,82.547,82.302,82.107,82.107,82.156,82.302,82.498,82.742,82.937,83.133,83.182,83.23,83.182,83.035,82.84,82.595,82.253,81.863,81.472,80.984,80.495,79.909,79.323,78.786,78.248,77.76,77.174,76.636,76.099,75.611,75.122,74.634,74.194,73.803,73.364,72.973,72.631,72.24,71.947,71.605,71.312,70.97,70.677,70.433,70.189,69.994,69.749,69.554,69.359,69.114,68.968,68.821,68.675,68.479,68.382,68.235,68.089,67.991,67.844,67.796,67.698,67.551,67.405,67.258,67.112,67.063,66.916,66.819,66.623,66.428,66.233,66.037,65.94,65.744,65.549,65.353,65.06,64.816,64.474,64.23,64.132,64.132,64.279,64.914,66.281,68.675,71.996,76.05,80.544,85.135,89.629,93.878,97.932,101.74,105.26,108.24,110.68,112.54,113.66,114.2,114.1,113.61,112.73,111.66,110.49,109.31,108.19,107.16,106.28,105.7,105.11,104.62,104.23,103.84,103.55,103.16,102.82,102.28,101.69,100.91,100.03,98.909,97.542,95.93,94.171,92.364,90.606,89.043,87.724,86.698,85.819,85.038,84.5,84.012,83.67,83.475,83.377,83.426,83.475,83.621,83.67,83.816,83.865,83.816,83.719,83.621,83.377,83.035,82.693,82.253,81.716,81.228,80.69,80.104,79.469,78.932,78.297,77.662,77.125,76.539,76.001,75.464,74.927,74.487,73.999,73.559,73.168,72.729,72.436,72.045,71.654,71.312,70.97,70.726,70.433,70.091,69.847,69.603,69.359,69.114,68.87,68.675,68.431,68.235,68.04,67.942,67.747,67.551,67.356,67.258,67.063,66.916,66.721,66.623,66.477,66.281,66.184,66.037,65.94,65.744,65.598,65.353,65.158,65.012,64.816,64.621,64.425,64.23,63.986,63.693,63.448,63.155,63.009,62.911,63.107,63.595,64.67,66.623,69.407,72.973,77.174,81.57,86.063,90.41,94.611,98.567,102.18,105.5,108.24,110.44,111.95,112.88,113.12,112.88,112.19,111.12,109.95,108.63,107.36,106.24,105.16,104.23,103.5,102.82,102.18,101.6,101.11,100.57,99.984,99.349,98.665,97.786,96.662,95.344,93.781,92.12,90.313,88.554,87.04,85.721,84.745,84.012,83.426,82.937,82.595,82.351,82.253,82.253,82.351,82.547,82.742,82.937,83.133,83.23,83.279,83.279,83.182,82.986,82.791,82.498,82.156,81.716,81.277,80.788,80.3,79.762,79.225,78.688,78.199,77.613,77.027,76.539,76.05,75.562,75.122,74.634,74.097,73.657,73.315,72.924,72.533,72.192,71.85,71.557,71.215,70.922,70.677,70.433,70.189,69.945,69.749,69.505,69.31,69.163,68.968,68.87,68.724,68.528,68.431,68.284,68.186,67.991,67.844,67.747,67.6,67.551,67.405,67.307,67.112,66.965,66.868,66.721,66.623,66.428,66.281,66.135,65.988,65.793,65.598,65.402,65.256,65.012,64.67,64.377,64.132,63.937,63.937,64.035,64.621,65.842,68.04,71.215,75.171,79.665,84.305,88.945,93.439,97.688,101.69,105.31,108.39,110.92,112.88,114.1,114.73,114.69,114.2,113.32,112.1,110.88,109.61,108.39,107.36,106.48,105.8,105.26,104.82,104.38,104.04,103.7,103.35,103.01,102.62,102.13,101.45,100.57,99.447,98.177,96.614,94.855,92.999,91.094,89.385,87.871,86.698,85.721,85.038,84.403,84.012,83.67,83.475,83.426,83.426,83.475,83.67,83.816,83.865,84.012,84.012,83.865,83.719,83.621,83.279,82.986,82.547,82.058,81.57,80.984,80.446,79.811,79.176,78.59,78.004,77.369,76.783,76.294,75.757,75.22,74.78,74.292,73.852,73.413,72.973,72.631,72.24,71.85,71.508,71.166,70.873,70.531,70.287,69.994,69.749,69.505,69.261,69.066,68.821,68.528,68.382,68.186,67.991,67.796,67.6,67.405,67.307,67.112,66.965,66.868,66.672,66.526,66.428,66.281,66.135,65.988,65.793,65.598,65.402,65.256,65.109,64.914,64.718,64.572,64.377,64.181,63.937,63.595,63.351,63.107,62.911,62.862,62.911,63.351,64.279,65.988,68.675,72.192,76.246,80.593,85.038,89.434,93.634,97.591,101.35,104.72,107.7,110,111.76,112.78,113.22,113.12,112.49,111.56,110.39,109.12,107.85,106.68,105.6,104.62,103.74,103.01,102.43,101.89,101.3,100.81,100.33,99.74,99.056,98.225,97.297,96.076,94.66,93.048,91.29,89.629,88.066,86.747,85.673,84.793,84.11,83.621,83.23,82.986,82.791,82.742,82.742,82.791,82.937,83.035,83.182,83.23,83.279,83.23,83.182,83.035,82.791,82.547,82.156,81.716,81.277,80.886,80.349,79.86,79.372,78.883,78.297,77.809,77.32,76.734,76.246,75.757,75.318,74.878,74.438,73.999,73.608,73.217,72.875,72.485,72.192,71.85,71.557,71.215,70.97,70.726,70.482,70.238,69.994,69.798,69.603,69.407,69.261,69.066,68.87,68.724,68.528,68.431,68.235,68.089,67.991,67.942,67.796,67.698,67.551,67.503,67.356,67.258,67.112,66.965,66.819,66.672,66.526,66.379,66.184,66.037,65.842,65.598,65.402,65.158,64.865,64.621,64.377,64.23,64.23,64.572,65.353,66.916,69.407,72.875,76.978,81.472,86.112,90.655,95.099,99.349,103.31,106.82,109.8,112.24,113.9,114.98,115.32,115.13,114.44,113.37,112.19,110.88,109.56,108.43,107.41,106.53,105.94,105.36,104.87,104.43,104.14,103.79,103.5,103.16,102.72,102.18,101.5,100.57,99.349,97.981,96.369,94.562,92.657,90.85,89.238,87.871,86.747,85.868,85.135,84.549,84.11,83.816,83.572,83.572,83.621,83.719,83.865,84.012,84.061,84.11,84.061,84.012,83.816,83.621,83.279,82.84,82.449,81.912,81.423,80.788,80.251,79.616,79.03,78.492,77.906,77.369,76.783,76.246,75.757,75.22,74.731,74.243,73.803,73.364,72.924,72.533,72.192,71.85,71.508,71.166,70.873,70.531,70.287,70.042,69.798,69.554,69.359,69.114,68.919,68.724,68.528,68.382,68.186,67.942,67.747,67.551,67.356,67.161,67.063,66.868,66.672,66.526,66.379,66.233,66.135,65.988,65.842,65.744,65.549,65.353,65.158,65.012,64.816,64.621,64.425,64.23,63.986,63.79,63.546,63.302,63.058,62.862,62.862,63.058,63.546,64.67,66.623,69.505,73.12,77.32,81.814,86.308,90.655,94.904,98.86,102.57,105.8,108.63,110.88,112.49,113.42,113.66,113.42,112.68,111.61,110.44,109.12,107.95,106.72,105.75,104.82,104.04,103.35,102.72,102.23,101.74,101.25,100.67,100.03,99.349,98.47,97.444,96.125,94.611,92.999,91.241,89.531,87.968,86.698,85.624,84.793,84.256,83.719,83.377,83.035,82.937,82.84,82.937,83.035,83.182,83.377,83.475,83.572,83.621,83.621,83.475,83.377,83.133,82.84,82.498,82.107,81.667,81.228,80.739,80.251,79.762,79.176,78.688,84.305,83.914,83.621,83.426,83.426,83.475,83.621,83.816,84.012,84.158,84.256,84.305,84.256,84.11,83.914,83.67,83.377,82.986,82.498,82.009,81.423,80.788,80.251,79.616,79.03,78.444,77.858,77.369,76.783,76.294,75.757,75.22,74.731,74.292,73.852,73.51,73.12,72.729,72.387,72.045,71.654,71.361,71.068,70.726,70.482,70.238,69.994,69.749,69.505,69.31,69.066,68.87,68.675,68.479,68.235,68.04,67.844,67.698,67.551,67.405,67.356,67.161,66.965,66.868,66.672,66.477,66.379,66.184,66.037,65.842,65.695,65.5,65.353,65.256,65.109,64.914,64.718,64.474,64.279,64.181,64.181,64.279,64.718,65.744,67.503,70.091,73.559,77.662,82.107,86.698,91.192,95.539,99.74,103.6,107.12,110.09,112.49,114.3,115.37,115.76,115.61,114.98,114.05,112.93,111.66,110.44,109.31,108.39,107.51,106.82,106.24,105.75,105.31,104.92,104.58,104.18,103.74,103.11,102.43,101.5,100.37,99.007,97.346,95.539,93.683,91.925,90.313,89.043,87.968,87.187,86.503,85.917,85.575,85.282,85.233,85.282,85.428,85.624,85.819,85.966,86.161,86.259,86.308,86.259,86.063,85.819,85.428,84.989,84.5,84.012,83.426,82.791,82.156,81.57,80.935,80.3,79.616,78.981,78.297,77.662,77.027,76.441,75.855,75.318,74.731,74.292,73.803,73.364,72.973,72.631,72.289,71.996,71.605,71.361,71.117,70.873,70.629,70.384,70.091,69.847,69.652,69.505,69.31,69.066,68.87,68.626,68.431,68.235,68.04,67.844,67.747,67.551,67.356,67.258,67.063,66.916,66.721,66.623,66.428,66.233,66.037,65.842,65.695,65.5,65.305,65.109,64.865,64.572,64.279,63.986,63.742,63.693,63.742,64.035,65.012,66.623,69.163,72.533,76.636,80.984,85.575,89.971,94.367,98.47,102.38,105.85,108.92,111.36,113.17,114.34,114.88,114.78,114.25,113.37,112.24,111.07,109.85,108.73,107.75,106.87,106.14,105.55,105.06,104.62,104.18,103.79,103.31,102.82,102.18,101.45,100.47,99.3,97.932,96.321,94.562,92.657,90.85,89.287,87.968,86.943,85.966,85.233,84.598,84.158,83.914,83.719,83.719,83.816,83.914,84.061,84.158,84.305,84.403,84.403,84.354,84.256,84.061,83.719,83.377,82.986,82.498,82.009,81.423,80.788,80.251,79.762,79.176,78.541,78.053,77.467,76.978,76.49,76.001,75.464,75.073,74.536,74.097,73.755,73.315,72.924,72.533,72.192,71.85,71.557,71.312,70.97,70.677,70.384,70.091,69.847,69.603,69.407,69.163,68.968,68.821,68.626,68.431,68.235,68.04,67.844,67.747,67.6,67.405,67.307,67.112,66.965,66.868,66.672,66.526,66.379,66.233,65.988,65.793,65.598,65.5,65.305,65.158,64.914,64.718,64.474,64.23,64.035,63.937,63.937,64.181,64.816,66.037,68.235,71.312,75.122,79.372,83.914,88.506,92.95,97.297,101.35,105.11,108.43,111.22,113.37,114.88,115.66,115.81,115.47,114.69,113.61,112.39,111.17,110,108.92,107.99,107.16,106.48,105.94,105.41,105.01,104.62,104.18,103.79,103.31,102.62,101.89,100.86,99.593,98.177,96.467,94.758,92.95,91.241,89.824,88.701,87.724,87.04,86.405,85.966,85.673,85.575,85.575,85.624,85.819,85.966,86.161,86.356,86.503,86.552,86.552,86.405,86.259,85.917,85.575,85.135,84.598,84.061,83.426,82.791,82.156,81.618,81.032,80.446,79.86,79.323,78.786,78.297,77.76,77.174,76.539,76.001,75.464,74.927,74.438,73.901,73.51,73.071,72.631,72.192,71.801,71.508,71.166,70.873,70.629,70.384,70.091,69.945,69.652,69.505,69.31,69.114,68.919,68.821,68.626,68.431,68.284,68.089,67.991,67.844,67.698,67.551,67.356,67.258,67.063,66.868,66.672,66.477,66.281,66.135,65.94,65.695,65.5,65.256,65.012,64.67,64.377,64.132,63.986,63.937,64.181,64.816,66.135,68.382,71.41,75.22,79.567,84.061,88.554,92.999,97.2,101.11,104.82,107.99,110.68,112.73,114.2,114.93,115.08,114.69,113.9,112.88,111.76,110.53,109.41,108.43,107.6,106.92,106.28,105.8,105.31,104.87,104.48,104.04,103.6,103.11,102.43,101.55,100.42,99.154,97.591,95.93,94.074,92.169,90.41,88.847,87.626,86.601,85.819,85.135,84.598,84.256,84.012,84.012,84.061,84.11,84.305,84.403,84.598,84.745,84.793,84.793,84.745,84.549,84.305,84.012,83.621,83.133,82.595,82.058,81.472,80.935,80.349,79.762,79.176,78.59,78.053,77.467,76.929,76.343,75.855,75.415,74.927,74.487,74.048,73.608,73.217,72.875,72.485,72.094,71.801,71.508,71.166,70.922,70.677,70.433,70.091,69.847,69.652,69.505,69.31,69.114,68.919,68.724,68.528,68.382,68.186,67.942,67.796,67.698,67.551,67.356,67.161,67.063,66.868,66.721,66.526,66.428,66.233,66.135,65.94,65.744,65.549,65.353,65.158,64.914,64.67,64.425,64.181,63.986,63.937,63.937,64.23,65.06,66.623,69.066,72.436,76.441,80.886,85.428,89.971,94.416,98.665,102.62,106.24,109.41,112,113.9,115.17,115.76,115.76,115.17,114.3,113.17,111.95,110.73,109.61,108.63,107.8,107.07,106.43,105.94,105.5,105.06,104.62,104.23,103.74,103.16,102.47,101.6,100.57,99.3,97.737,96.076,94.318,92.56,90.997,89.678,88.701,87.822,87.138,86.552,86.112,85.819,85.673,85.673,85.819,85.917,86.112,86.259,86.356,86.405,86.405,86.405,86.259,86.063,85.721,85.282,84.793,84.305,83.719,83.182,82.547,81.912,81.277,80.739,80.153,79.616,79.03,78.541,78.053,77.564,77.125,76.636,76.197,75.757,75.318,74.878,74.341,73.901,73.413,72.973,72.485,72.045,71.654,71.215,70.922,70.629,70.287,70.042,69.798,69.554,69.31,69.114,68.919,68.724,68.626,68.431,68.284,68.089,67.991,67.844,67.747,67.6,67.405,67.258,67.112,66.965,66.819,66.623,66.428,66.281,66.135,65.94,65.695,65.402,65.158,64.914,64.621,64.377,64.132,63.937,63.839,64.035,64.67,65.988,68.186,71.312,75.122,79.421,83.914,88.408,92.804,97.004,101.01,104.67,107.95,110.68,112.73,114.2,114.98,115.17,114.78,114,112.98,111.8,110.63,109.51,108.48,107.6,106.87,106.24,105.7,105.26,104.82,104.43,103.99,103.6,103.11,102.43,101.6,100.57,99.251,97.688,95.979,94.123,92.169,90.362,88.75,87.431,86.356,85.477,84.793,84.305,83.914,83.719,83.67,83.719,83.865,84.012,84.158,84.354,84.5,84.598,84.598,84.549,84.403,84.158,83.816,83.426,82.937,82.351,81.814,81.277,80.69,80.055,79.421,78.786,78.248,77.662,77.125,76.636,76.099,75.611,75.122,74.683,74.243,73.803,73.413,72.973,72.631,72.289,71.947,71.605,71.312,71.068,70.824,70.482,70.238,69.994,69.749,69.505,69.31,69.163,68.968,68.724,68.528,68.431,68.235,68.04,67.844,67.747,67.551,67.356,67.161,67.063,66.916,66.721,66.526,66.428,66.233,66.037,65.842,65.695,65.5,65.305,65.109,64.914,64.67,64.474,64.23,63.937,63.693,63.497,63.448,63.546,63.937,64.865,66.623,69.31,72.778,76.929,81.423,85.966,90.557,95.002,99.154,103.11,106.63,109.66,112.19,114,115.17,115.61,115.47,114.88,113.9,112.73,111.51,110.29,109.17,108.09,107.26,106.48,105.8,105.31,104.82,104.38,103.94,103.5,103.01,102.43,101.69,100.72,99.593,98.225,96.614,94.855,93.048,91.387,89.824,88.554,87.48,86.747,86.161,85.673,85.379,85.135,85.038,85.135,85.233,85.428,85.673,85.868,85.966,86.063,86.112,86.063,85.917,85.673,85.379,84.989,84.5,84.012,83.426,82.791,82.253,81.618,81.032,80.446,79.86,79.225,78.688,78.199,77.662,77.174,76.734,76.246,75.806,75.415,75.073,74.683,74.292,73.901,73.51,73.12,72.68,72.24,71.85,71.41,71.068,70.629,70.287,69.994,69.749,69.407,69.163,68.919,68.675,68.479,68.284,68.04,67.844,67.698,67.551,67.356,67.258,67.063,66.916,66.819,66.672,66.526,66.428,66.281,66.135,65.94,65.744,65.5,65.305,65.109,64.914,64.718,64.474,64.23,63.986,84.305,84.5,84.696,84.793,84.793,84.793,84.696,84.403,84.11,83.719,83.279,82.742,82.156,81.618,80.984,80.446,79.811,79.225,78.59,78.053,77.564,76.978,76.49,76.001,75.464,75.073,74.683,74.243,73.852,73.51,73.12,72.68,72.24,71.85,71.41,70.97,70.629,70.189,69.798,69.505,69.163,68.87,68.626,68.284,68.04,67.796,67.6,67.356,67.161,66.965,66.819,66.672,66.477,66.379,66.233,66.135,65.988,65.842,65.695,65.5,65.305,65.158,65.012,64.865,64.67,64.474,64.279,64.181,63.986,63.79,63.546,63.351,63.107,62.814,62.569,62.276,62.032,61.983,62.032,62.569,63.693,65.598,68.479,72.192,76.343,80.886,85.379,89.727,93.976,98.03,101.79,105.16,108.04,110.29,111.95,112.88,113.17,112.88,112.19,111.17,110,108.73,107.51,106.38,105.31,104.43,103.7,103.06,102.47,101.99,101.55,101.11,100.62,100.03,99.447,98.665,97.737,96.614,95.246,93.683,91.973,90.215,88.554,87.04,85.819,84.842,84.061,83.426,82.937,82.595,82.449,82.351,82.351,82.449,82.595,82.791,82.937,83.035,83.133,83.182,83.133,82.986,82.742,82.351,82.009,81.57,81.032,80.495,79.909,79.323,78.737,78.102,77.564,76.978,76.49,75.904,75.415,74.878,74.341,73.852,73.364,72.924,72.533,72.094,71.801,71.41,71.068,70.726,70.433,70.189,69.847,69.603,69.31,69.066,68.821,68.626,68.431,68.235,68.04,67.844,67.698,67.503,67.307,67.112,66.916,66.672,66.526,66.379,66.184,66.037,65.842,65.744,65.549,65.402,65.256,65.109,64.914,64.816,64.621,64.425,64.23,64.035,63.839,63.693,63.497,63.302,63.058,62.716,62.472,62.276,62.13,62.032,62.227,62.667,63.742,65.598,68.431,72.045,76.246,80.739,85.233,89.727,94.074,98.177,101.94,105.36,108.29,110.68,112.39,113.32,113.66,113.42,112.78,111.76,110.53,109.26,107.99,106.72,105.7,104.72,103.94,103.26,102.67,102.18,101.69,101.25,100.67,100.13,99.495,98.763,97.786,96.614,95.295,93.732,92.071,90.362,88.847,87.529,86.503,85.673,85.038,84.549,84.158,83.914,83.816,83.816,83.865,84.012,84.158,84.403,84.598,84.745,84.745,84.745,84.598,84.403,84.11,83.816,83.377,82.84,82.351,81.814,81.179,80.593,80.007,79.421,78.786,78.248,77.662,77.125,76.539,76.099,75.611,75.22,74.78,74.341,73.901,73.51,73.071,72.68,72.24,71.801,71.41,70.97,70.531,70.189,69.798,69.407,69.114,68.821,68.528,68.235,67.991,67.747,67.551,67.356,67.161,66.965,66.868,66.672,66.526,66.428,66.281,66.184,66.037,65.94,65.793,65.695,65.5,65.353,65.158,65.012,64.865,64.67,64.474,64.23,64.035,63.79,63.595,63.302,63.058,62.814,62.569,62.374,62.276,62.423,62.911,64.035,66.135,69.066,72.778,77.027,81.472,85.917,90.313,94.562,98.567,102.23,105.55,108.29,110.49,112,112.88,113.12,112.78,112.05,110.97,109.8,108.48,107.26,106.04,105.01,104.04,103.31,102.62,102.04,101.55,101.11,100.72,100.33,99.74,99.154,98.421,97.493,96.369,95.051,93.439,91.68,89.922,88.261,86.845,85.673,84.745,84.012,83.377,82.791,82.498,82.253,82.156,82.156,82.302,82.449,82.595,82.742,82.84,82.937,82.84,82.791,82.693,82.449,82.156,81.814,81.374,80.886,80.3,79.762,79.176,78.59,78.004,77.418,76.881,76.294,75.806,75.22,74.731,74.243,73.755,73.315,72.875,72.485,72.045,71.654,71.312,70.97,70.629,70.287,69.994,69.749,69.407,69.163,68.87,68.626,68.431,68.235,68.04,67.844,67.698,67.405,67.307,67.112,66.916,66.721,66.623,66.428,66.281,66.135,65.988,65.842,65.695,65.549,65.353,65.256,65.109,64.914,64.718,64.572,64.377,64.181,63.986,63.79,63.546,63.302,63.009,62.716,62.569,62.472,62.569,62.911,63.839,65.549,68.089,71.557,75.562,79.909,84.403,88.945,93.243,97.346,101.16,104.67,107.7,110.09,111.95,113.07,113.56,113.42,112.78,111.85,110.68,109.36,108.04,106.87,105.75,104.82,103.94,103.16,102.57,101.99,101.45,101.01,100.47,99.935,99.3,98.567,97.591,96.418,95.051,93.488,91.876,90.166,88.603,87.284,86.259,85.428,84.793,84.354,84.012,83.719,83.621,83.572,83.67,83.816,84.012,84.158,84.354,84.5,84.549,84.549,84.403,84.305,84.061,83.719,83.377,82.84,82.351,81.863,81.228,80.69,80.055,79.469,78.932,78.346,77.809,77.174,76.685,76.197,75.757,75.22,74.78,74.341,73.901,73.559,73.168,72.875,72.533,72.24,71.85,71.41,71.068,70.677,70.287,69.994,69.603,69.261,68.87,68.479,68.235,67.942,67.698,67.503,67.258,67.063,66.868,66.623,66.477,66.379,66.233,66.135,65.988,65.842,65.793,65.695,65.549,65.353,65.256,65.06,64.914,64.718,64.474,64.279,64.035,63.79,63.546,63.253,63.009,62.814,62.716,62.814,63.253,64.279,66.233,69.114,72.729,76.978,81.472,85.966,90.313,94.562,98.567,102.23,105.55,108.39,110.53,112.1,113.07,113.32,113.07,112.39,111.36,110.19,108.87,107.7,106.48,105.5,104.62,103.84,103.26,102.67,102.18,101.74,101.3,100.81,100.33,99.74,98.909,97.981,96.858,95.49,93.878,92.12,90.362,88.75,87.284,86.112,85.135,84.305,83.67,83.182,82.791,82.595,82.547,82.547,82.595,82.742,82.84,82.986,83.133,83.182,83.182,83.133,82.937,82.693,82.351,82.009,81.57,81.032,80.544,80.007,79.372,78.786,78.248,77.613,77.027,76.441,75.855,75.366,74.878,74.341,73.852,73.413,72.973,72.533,72.094,71.752,71.361,71.068,70.726,70.384,70.042,69.798,69.505,69.261,68.968,68.724,68.528,68.284,68.089,67.942,67.747,67.551,67.356,67.161,66.965,66.868,66.672,66.526,66.428,66.281,66.184,66.037,65.94,65.744,65.549,65.402,65.256,65.06,64.865,64.67,64.572,64.377,64.181,63.937,63.742,63.497,63.155,62.911,62.716,62.618,62.569,62.814,63.448,64.67,66.819,69.847,73.559,77.809,82.156,86.601,90.997,95.099,99.056,102.67,105.94,108.68,110.83,112.29,113.12,113.37,112.98,112.24,111.17,109.95,108.63,107.41,106.24,105.26,104.38,103.55,102.87,102.28,101.74,101.3,100.86,100.37,99.789,99.056,98.177,97.102,95.783,94.22,92.56,90.85,89.238,87.871,86.698,85.819,85.038,84.403,83.914,83.621,83.426,83.377,83.377,83.572,83.719,83.914,84.11,84.305,84.354,84.403,84.354,84.158,84.012,83.719,83.377,82.937,82.449,81.863,81.277,80.739,80.104,79.567,78.932,78.444,77.858,77.32,76.783,76.294,75.806,75.318,74.878,74.438,73.999,73.608,73.315,72.924,72.631,72.289,71.996,71.654,71.361,71.117,70.873,70.531,70.287,69.994,69.652,69.359,69.114,68.821,68.479,68.186,67.844,67.551,67.307,66.965,66.819,66.526,66.281,66.135,65.94,65.793,65.695,65.5,65.353,65.256,65.109,65.012,64.865,64.718,64.621,64.425,64.23,64.035,63.839,63.693,63.448,63.107,62.814,62.569,62.374,62.374,62.618,63.302,64.67,66.965,70.238,74.194,78.541,83.133,87.626,91.973,96.174,100.13,103.74,106.87,109.41,111.36,112.63,113.22,113.32,112.78,111.95,110.83,109.56,108.29,107.12,106.04,105.16,104.38,103.74,103.16,102.67,102.23,101.79,101.35,100.91,100.42,99.74,98.909,97.884,96.614,95.197,93.488,91.729,89.971,88.408,87.04,85.917,84.989,84.256,83.67,83.23,82.937,82.742,82.693,82.693,82.791,82.937,83.035,83.182,83.279,83.377,83.377,83.23,83.035,82.791,82.449,82.009,81.57,81.032,80.495,79.909,79.372,78.737,78.199,77.564,76.978,76.441,75.904,75.366,74.878,74.341,73.852,73.413,72.973,72.631,72.192,71.801,71.41,71.068,70.726,70.433,70.189,69.847,69.603,69.31,69.066,68.821,68.626,68.431,68.235,68.04,67.844,67.698,67.503,67.307,67.112,66.965,66.819,66.672,66.477,66.281,66.184,65.988,65.842,65.744,65.549,65.402,65.256,65.06,64.865,64.718,64.572,64.377,64.132,63.937,63.742,63.497,63.302,80.593,85.135,89.482,93.781,97.884,101.69,105.16,108.24,110.73,112.63,113.81,114.34,114.3,113.76,112.78,111.61,110.29,108.97,107.75,106.53,105.55,104.72,103.99,103.31,102.72,102.18,101.55,101.01,100.37,99.593,98.763,97.688,96.369,94.855,93.243,91.436,89.678,88.164,86.845,85.868,85.135,84.549,84.11,83.719,83.621,83.572,83.621,83.719,83.914,84.11,84.305,84.403,84.598,84.696,84.745,84.598,84.403,84.256,83.865,83.475,82.986,82.498,81.912,81.374,80.886,80.251,79.665,79.127,78.541,78.004,77.418,76.881,76.294,75.855,75.415,74.976,74.536,74.194,73.803,73.413,73.12,72.729,72.485,72.192,71.947,71.654,71.508,71.215,70.97,70.824,70.629,70.433,70.238,70.091,69.945,69.749,69.554,69.407,69.31,69.114,68.968,68.87,68.675,68.528,68.431,68.284,68.186,68.089,67.991,67.796,67.698,67.503,67.307,67.112,66.965,66.819,66.526,66.379,66.135,65.842,65.549,65.256,65.012,64.865,65.012,65.353,66.281,68.186,70.97,74.683,78.883,83.377,87.871,92.315,96.565,100.62,104.43,107.8,110.68,112.93,114.49,115.42,115.66,115.42,114.73,113.76,112.54,111.36,110.19,109.17,108.24,107.51,106.82,106.24,105.7,105.26,104.87,104.48,104.04,103.55,103.01,102.28,101.35,100.23,98.909,97.346,95.686,93.781,91.973,90.215,88.799,87.626,86.698,85.868,85.233,84.745,84.403,84.256,84.158,84.256,84.354,84.5,84.598,84.745,84.793,84.793,84.793,84.696,84.5,84.158,83.816,83.377,82.84,82.302,81.716,81.13,80.495,79.86,79.225,78.59,78.053,77.418,76.881,76.294,75.806,75.366,74.927,74.438,73.999,73.559,73.168,72.778,72.485,72.094,71.801,71.557,71.215,70.922,70.677,70.433,70.189,69.945,69.749,69.505,69.31,69.114,68.919,68.724,68.528,68.382,68.186,68.04,67.942,67.747,67.6,67.405,67.258,67.112,66.916,66.819,66.623,66.477,66.281,66.135,65.94,65.695,65.5,65.305,65.158,64.914,64.67,64.377,64.132,63.839,63.79,63.79,64.132,64.865,66.281,68.675,71.947,75.806,80.104,84.598,89.043,93.341,97.493,101.35,104.92,108.04,110.68,112.68,114,114.64,114.54,114,113.07,111.85,110.53,109.26,107.95,106.82,105.8,105.01,104.23,103.55,103.01,102.43,101.94,101.35,100.81,100.13,99.251,98.225,96.907,95.441,93.732,91.973,90.215,88.603,87.236,86.112,85.233,84.549,84.012,83.621,83.377,83.279,83.279,83.426,83.572,83.719,84.012,84.158,84.354,84.549,84.598,84.549,84.403,84.158,83.865,83.572,83.133,82.595,82.107,81.57,80.984,80.349,79.811,79.225,78.688,78.199,77.613,77.125,76.636,76.099,75.66,75.22,74.78,74.341,73.999,73.608,73.315,72.924,72.631,72.289,71.996,71.752,71.508,71.312,71.068,70.873,70.677,70.482,70.287,70.091,69.945,69.749,69.603,69.407,69.31,69.163,69.066,68.87,68.724,68.626,68.479,68.382,68.235,68.04,67.942,67.796,67.698,67.503,67.356,67.161,66.965,66.868,66.672,66.428,66.184,65.842,65.549,65.305,65.109,65.012,65.109,65.549,66.672,68.626,71.557,75.22,79.567,84.061,88.554,92.95,97.2,101.25,104.92,108.24,111.07,113.22,114.73,115.47,115.61,115.22,114.44,113.42,112.19,110.97,109.8,108.82,107.99,107.31,106.68,106.14,105.7,105.31,105.01,104.62,104.23,103.79,103.16,102.47,101.6,100.47,99.154,97.591,95.783,93.927,92.071,90.362,88.847,87.529,86.552,85.721,85.038,84.549,84.256,84.061,84.012,84.012,84.061,84.158,84.305,84.403,84.549,84.696,84.598,84.5,84.305,84.012,83.67,83.23,82.742,82.156,81.618,80.984,80.446,79.811,79.176,78.59,78.053,77.467,76.929,76.441,75.904,75.415,74.976,74.487,74.048,73.657,73.217,72.924,72.533,72.24,71.947,71.605,71.312,70.97,70.726,70.433,70.238,69.994,69.749,69.505,69.31,69.066,68.87,68.675,68.479,68.284,68.186,67.991,67.796,67.6,67.405,67.307,67.112,66.916,66.819,66.672,66.526,66.379,66.233,66.037,65.842,65.695,65.5,65.305,65.109,64.914,64.718,64.474,64.23,63.986,63.742,63.497,63.351,63.351,63.595,64.23,65.598,67.796,70.922,74.731,79.03,83.572,88.066,92.511,96.76,100.72,104.38,107.6,110.29,112.44,113.81,114.54,114.64,114.1,113.22,112.1,110.83,109.41,108.09,106.87,105.8,104.87,104.14,103.45,102.87,102.28,101.89,101.35,100.86,100.33,99.544,98.665,97.542,96.174,94.611,92.853,91.045,89.385,87.919,86.747,85.721,84.989,84.354,83.914,83.572,83.279,83.23,83.23,83.377,83.475,83.719,83.914,84.11,84.256,84.305,84.305,84.158,84.012,83.816,83.475,83.035,82.693,82.156,81.667,81.179,80.593,80.055,79.421,78.932,78.346,77.809,77.32,76.783,76.294,75.855,75.415,74.927,74.487,74.097,73.755,73.364,72.973,72.68,72.387,72.094,71.801,71.557,71.312,71.068,70.824,70.531,70.433,70.238,70.042,69.945,69.749,69.603,69.407,69.261,69.114,68.968,68.87,68.821,68.626,68.479,68.382,68.235,68.089,67.991,67.796,67.698,67.551,67.356,67.258,67.063,66.868,66.672,66.477,66.281,65.988,65.695,65.402,65.109,65.012,65.012,65.305,66.135,67.796,70.433,73.901,78.053,82.547,87.187,91.68,96.076,100.13,103.94,107.36,110.29,112.68,114.3,115.32,115.61,115.37,114.73,113.76,112.54,111.32,110.09,109.07,108.09,107.36,106.72,106.24,105.8,105.41,105.11,104.82,104.48,104.14,103.6,103.06,102.23,101.16,99.935,98.47,96.858,95.002,93.097,91.241,89.629,88.261,87.138,86.259,85.575,84.989,84.598,84.354,84.158,84.158,84.256,84.305,84.403,84.549,84.696,84.745,84.745,84.598,84.403,84.158,83.865,83.475,82.986,82.498,81.912,81.374,80.739,80.104,79.567,78.932,78.346,77.76,77.174,76.685,76.099,75.611,75.171,74.683,74.243,73.803,73.413,73.071,72.68,72.289,71.996,71.654,71.312,71.068,70.726,70.531,70.287,70.042,69.798,69.554,69.359,69.114,68.919,68.724,68.528,68.382,68.186,67.991,67.844,67.747,67.551,67.405,67.307,67.112,66.965,66.868,66.721,66.623,66.428,66.233,66.037,65.793,65.598,65.402,65.256,65.012,64.718,64.474,64.23,63.986,63.839,63.839,64.035,64.621,65.842,67.991,70.922,74.634,78.786,83.182,87.626,91.973,96.174,100.18,103.84,107.12,109.85,112.05,113.56,114.34,114.54,114.2,113.37,112.24,110.97,109.75,108.48,107.36,106.38,105.5,104.72,104.14,103.55,103.01,102.47,101.94,101.35,100.81,100.03,99.105,97.981,96.662,95.051,93.292,91.485,89.727,88.164,86.943,85.868,85.038,84.403,84.012,83.621,83.377,83.23,83.279,83.377,83.572,83.719,83.914,84.061,84.158,84.158,84.11,84.061,83.865,83.621,83.279,82.937,82.498,82.058,81.57,80.984,80.495,79.909,79.421,78.883,78.346,77.858,77.32,76.783,76.343,75.855,75.415,74.976,74.536,74.194,73.852,73.51,73.12,72.729,72.436,72.094,71.801,71.508,71.215,70.97,70.824,70.629,70.384,70.189,69.994,69.798,69.652,69.505,69.359,69.261,69.114,68.968,68.87,68.724,68.626,68.479,68.382,68.235,68.089,67.991,67.796,67.698,67.551,67.405,67.258,67.063,66.916,66.721,66.526,66.281,66.037,65.793,65.549,65.305,65.109,65.012,65.06,65.5,66.477,68.431,71.312,74.976,79.323,83.865,88.506,93.097,97.493,101.69,105.6,109.07,112,114.2,115.66,116.44,116.49,116.05,115.13,113.9,112.63,111.32,110.05,108.97,108.09,107.36,106.72,106.24,105.85,105.5,105.16,104.87,104.58,104.14,103.6,103.06,102.28,101.3,100.13,98.616,96.907,95.051,93.097,91.387,89.824,88.506,87.48,86.698,85.966,85.428,84.989,84.745,84.598,84.598,84.696,84.745,84.842,84.94,84.989,85.038,84.989,84.842,84.696,84.354,84.012,83.621,83.133,82.595,82.058,81.423,80.886,80.251,79.665,79.03,78.492,77.858,77.369,76.783,76.246,75.757,75.318,74.78,74.341,73.901,73.559,105.8,104.92,104.23,103.6,103.06,102.57,102.13,101.74,101.3,100.81,100.33,99.593,98.812,97.737,96.418,94.904,93.243,91.485,89.727,88.164,86.796,85.673,84.745,84.012,83.377,82.937,82.547,82.449,82.351,82.449,82.547,82.693,82.84,82.986,83.133,83.133,83.133,82.937,82.742,82.498,82.107,81.667,81.179,80.69,80.104,79.567,78.932,78.297,77.662,77.125,76.49,75.904,75.366,74.878,74.341,73.901,73.413,72.973,72.533,72.094,71.752,71.361,71.068,70.677,70.384,70.042,69.749,69.505,69.261,68.968,68.724,68.479,68.235,68.04,67.796,67.6,67.405,67.258,67.063,66.868,66.672,66.477,66.281,66.135,65.94,65.793,65.695,65.5,65.353,65.256,65.109,64.914,64.816,64.621,64.474,64.279,64.132,63.937,63.742,63.546,63.351,63.155,62.911,62.667,62.423,62.179,61.983,61.885,61.788,61.983,62.569,63.79,65.842,68.821,72.485,76.685,81.032,85.575,89.922,94.074,97.981,101.6,104.82,107.51,109.56,110.97,111.8,112,111.61,110.83,109.75,108.43,107.07,105.7,104.43,103.35,102.38,101.55,100.86,100.23,99.691,99.251,98.763,98.177,97.591,96.907,96.125,95.099,93.878,92.413,90.801,89.189,87.626,86.259,85.184,84.305,83.67,83.182,82.791,82.498,82.351,82.351,82.449,82.547,82.742,82.937,83.133,83.23,83.279,83.377,83.279,83.182,82.937,82.595,82.302,81.863,81.423,80.935,80.349,79.811,79.176,78.59,78.053,77.564,76.978,76.441,75.904,75.415,74.927,74.487,74.048,73.608,73.168,72.778,72.436,72.045,71.752,71.41,71.117,70.824,70.531,70.287,70.042,69.798,69.554,69.359,69.163,68.968,68.821,68.626,68.431,68.284,68.089,67.942,67.747,67.6,67.503,67.356,67.258,67.063,66.916,66.819,66.623,66.379,66.135,65.94,65.695,65.353,65.06,64.718,64.474,64.181,63.937,63.693,63.448,63.058,62.716,62.423,62.13,61.983,61.934,62.13,62.667,63.937,66.135,69.31,73.168,77.564,82.107,86.698,91.045,95.295,99.251,102.87,106.04,108.73,110.83,112.24,112.98,113.12,112.68,111.85,110.73,109.51,108.24,107.07,105.94,105.01,104.18,103.5,102.87,102.43,101.99,101.55,101.16,100.72,100.33,99.74,99.007,98.128,97.004,95.637,94.074,92.315,90.557,88.799,87.284,85.966,84.989,84.11,83.475,82.937,82.547,82.302,82.253,82.253,82.302,82.449,82.547,82.693,82.791,82.84,82.937,82.84,82.742,82.498,82.107,81.716,81.277,80.788,80.3,79.665,79.127,78.541,77.906,77.369,76.783,76.246,75.66,75.122,74.634,74.097,73.608,73.168,72.729,72.289,71.947,71.508,71.117,70.824,70.433,70.091,69.798,69.505,69.261,68.968,68.724,68.479,68.235,67.991,67.796,67.551,67.356,67.161,66.965,66.819,66.623,66.428,66.281,66.135,65.94,65.793,65.695,65.549,65.402,65.353,65.256,65.06,64.865,64.67,64.474,64.279,64.132,63.986,63.79,63.595,63.351,63.107,62.862,62.667,62.423,62.227,62.13,62.13,62.374,63.107,64.572,66.868,70.042,73.901,78.199,82.595,86.991,91.241,95.295,99.105,102.57,105.55,108.04,109.95,111.17,111.76,111.76,111.17,110.24,109.07,107.7,106.38,105.06,103.84,102.82,101.89,101.06,100.37,99.789,99.3,98.812,98.372,97.884,97.249,96.467,95.539,94.367,93.048,91.534,89.922,88.31,86.845,85.624,84.696,83.914,83.279,82.84,82.498,82.253,82.156,82.156,82.253,82.449,82.595,82.791,82.937,83.133,83.182,83.182,83.133,82.937,82.693,82.351,81.912,81.472,80.984,80.446,79.86,79.323,78.737,78.199,77.613,77.027,76.539,76.001,75.464,74.976,74.536,74.097,73.657,73.217,72.875,72.485,72.192,71.85,71.557,71.166,70.873,70.629,70.287,70.091,69.847,69.603,69.407,69.163,69.066,68.87,68.675,68.479,68.284,68.089,67.991,67.796,67.698,67.503,67.356,67.161,66.965,66.868,66.721,66.623,66.477,66.281,66.184,65.94,65.744,65.5,65.256,65.012,64.67,64.377,64.035,63.742,63.448,63.155,62.862,62.472,62.179,61.934,61.69,61.592,61.885,62.472,63.937,66.379,69.749,73.852,78.346,82.986,87.529,91.925,96.125,100.03,103.7,106.82,109.36,111.22,112.49,113.07,113.07,112.49,111.56,110.44,109.17,107.95,106.82,105.75,104.87,104.18,103.55,103.01,102.57,102.13,101.69,101.25,100.72,100.18,99.495,98.763,97.786,96.614,95.197,93.634,91.876,90.117,88.506,86.991,85.819,84.793,84.061,83.377,82.84,82.547,82.302,82.253,82.253,82.302,82.498,82.595,82.742,82.791,82.84,82.84,82.742,82.595,82.351,82.058,81.618,81.179,80.69,80.153,79.665,79.03,78.492,77.858,77.32,76.734,76.197,75.611,75.122,74.536,74.048,73.559,73.12,72.631,72.24,71.801,71.41,71.068,70.726,70.433,70.091,69.847,69.554,69.31,68.968,68.724,68.479,68.235,68.04,67.796,67.6,67.405,67.258,67.063,66.868,66.623,66.428,66.233,66.135,65.94,65.793,65.598,65.5,65.353,65.256,65.109,65.012,64.816,64.67,64.474,64.279,64.132,63.937,63.742,63.546,63.351,63.155,62.911,62.667,62.423,62.179,61.983,61.983,62.13,62.569,63.693,65.549,68.382,71.947,76.05,80.446,84.842,89.189,93.292,97.249,100.86,104.04,106.82,108.97,110.53,111.41,111.66,111.36,110.63,109.51,108.24,106.87,105.5,104.23,103.16,102.18,101.3,100.57,99.935,99.349,98.86,98.421,97.932,97.444,96.809,95.979,95.002,93.732,92.364,90.752,89.092,87.529,86.161,85.038,84.256,83.572,82.986,82.595,82.302,82.107,82.058,82.058,82.156,82.351,82.547,82.742,82.84,82.986,82.986,82.986,82.84,82.693,82.449,82.058,81.618,81.179,80.593,80.104,79.567,78.981,78.444,77.858,77.32,76.783,76.246,75.757,75.22,74.731,74.292,73.852,73.413,73.071,72.68,72.289,71.947,71.605,71.312,71.068,70.824,70.482,70.238,69.994,69.749,69.505,69.31,69.066,68.87,68.675,68.479,68.284,68.186,67.991,67.844,67.698,67.551,67.405,67.258,67.112,66.916,66.819,66.672,66.526,66.428,66.233,66.135,65.94,65.695,65.402,65.256,65.012,64.67,64.425,64.035,63.742,63.448,63.058,62.667,62.276,62.032,61.934,61.983,62.374,63.448,65.305,68.235,71.996,76.343,80.984,85.624,90.069,94.367,98.421,102.18,105.5,108.39,110.53,112.1,112.98,113.22,112.93,112.1,111.07,109.85,108.53,107.36,106.19,105.16,104.28,103.6,103.01,102.47,102.04,101.6,101.25,100.81,100.33,99.691,99.007,98.128,97.053,95.783,94.318,92.657,90.85,89.189,87.675,86.356,85.379,84.5,83.816,83.23,82.791,82.547,82.351,82.351,82.449,82.547,82.693,82.742,82.84,82.937,82.937,82.84,82.742,82.547,82.302,81.912,81.472,80.984,80.495,79.909,79.372,78.737,78.199,77.564,76.978,76.441,75.855,75.318,74.78,74.292,73.803,73.364,72.924,72.485,72.045,71.654,71.312,70.922,70.531,70.238,69.945,69.603,69.359,69.114,68.87,68.626,68.431,68.186,67.942,67.747,67.503,67.307,67.112,66.916,66.721,66.526,66.379,66.184,65.988,65.793,65.695,65.549,65.402,65.305,65.158,65.012,64.865,64.718,64.572,64.377,64.181,64.035,63.839,63.693,63.497,63.302,63.107,62.862,62.618,62.374,62.13,61.983,61.983,62.179,62.814,64.132,66.281,69.359,73.12,77.369,81.716,86.161,90.508,94.611,98.421,101.94,105.06,107.6,109.61,110.97,111.66,111.76,111.32,110.44,109.26,107.99,106.63,105.31,104.14,103.01,102.04,101.25,100.47,99.886,99.349,98.86,98.323,97.786,97.2,96.467,95.539,94.513,93.195,91.68,90.117,88.506,87.04,85.819,84.745,84.012,83.377,82.84,82.547,82.302,82.156,82.156,82.302,82.449,82.595,82.791,82.986,83.133,83.182,83.182,83.133,82.986,82.742,82.449,82.058,81.618,81.13,80.593,80.055,79.469,78.932,78.346,77.809,77.223,76.685,76.197,75.611,75.122,74.683,74.243,73.803,73.364,72.973,72.68,72.289,71.996,71.654,71.361,71.068,70.824,70.531,70.287,70.042
0.37438,0.37438,0.37438,0.38054,0.38054,0.38547,0.38547,0.39039,0.39532,0.39532,0.39532,0.39532,0.39532,0.40025,0.40517,0.4101,0.41502,0.41995,0.42488,0.42488,0.41995,0.42488,0.42488,0.4298,0.43966,0.44458,0.44458,0.44951,0.45443,0.45443,0.45443,0.46059,0.46552,0.47537,0.49015,0.49507,0.5197,0.55542,0.57512,0.58005,0.57512,0.5702,0.56527,0.56527,0.55049,0.54064,0.53448,0.5197,0.5,0.4803,0.47537,0.47537,0.44951,0.43473,0.52956,0.88547,1.5456,2.1305,2.2007,1.4409,0.75493,0.46552,0.45443,0.53448,0.54064,0.50493,0.48522,0.4803,0.4803,0.49015,0.5,0.50985,0.5197,0.52956,0.55049,0.56527,0.58005,0.59483,0.61453,0.63547,0.65517,0.67488,0.70074,0.7303,0.76478,0.80542,0.86084,0.91995,0.98522,1.0603,1.1355,1.2106,1.2759,1.3251,1.3559,1.3608,1.3054,1.2155,1.0751,0.91995,0.75985,0.61453,0.49015,0.39039,0.3202,0.27956,0.24507,0.22537,0.22044,0.22044,0.22044,0.22537,0.22537,0.2303,0.23522,0.24507,0.25,0.25493,0.26478,0.27463,0.28448,0.29433,0.30542,0.31527,0.32512,0.33498,0.3399,0.34975,0.35468,0.35961,0.36453,0.36946,0.38054,0.38547,0.38547,0.39039,0.39532,0.39532,0.39532,0.39532,0.40025,0.40025,0.40025,0.40517,0.40517,0.4101,0.41995,0.41995,0.41995,0.41995,0.42488,0.4298,0.4298,0.43473,0.43966,0.44458,0.44951,0.44951,0.44951,0.45443,0.46059,0.46059,0.46059,0.46552,0.4803,0.49507,0.5197,0.55049,0.57512,0.58498,0.57512,0.5702,0.56034,0.56034,0.55049,0.54064,0.52956,0.51478,0.5,0.48522,0.47537,0.46552,0.43966,0.4298,0.5197,0.87069,1.5456,2.1613,2.2365,1.4557,0.74015,0.43966,0.43473,0.53448,0.54064,0.50493,0.49015,0.48522,0.48522,0.48522,0.49015,0.50493,0.51478,0.52956,0.54557,0.56034,0.57512,0.59483,0.60961,0.63054,0.64532,0.66995,0.69458,0.72537,0.76478,0.81034,0.86084,0.90517,0.97044,1.0456,1.1256,1.2007,1.266,1.3153,1.3411,1.3461,1.2956,1.2057,1.0751,0.91995,0.75985,0.61453,0.49015,0.39532,0.3202,0.2697,0.24507,0.22537,0.22044,0.21429,0.21429,0.21429,0.21429,0.21429,0.22044,0.2303,0.23522,0.24507,0.25985,0.2697,0.27956,0.28941,0.30049,0.31034,0.32512,0.3399,0.34975,0.35468,0.35961,0.36946,0.37438,0.38054,0.38054,0.38054,0.38054,0.38054,0.38054,0.38054,0.38547,0.39039,0.39532,0.39532,0.40025,0.40517,0.40517,0.4101,0.4101,0.41502,0.41995,0.42488,0.4298,0.4298,0.4298,0.43473,0.43966,0.43966,0.44458,0.44951,0.44951,0.45443,0.46059,0.46552,0.46552,0.46552,0.47537,0.49015,0.5,0.52956,0.56527,0.58005,0.58498,0.58005,0.5702,0.56527,0.5702,0.55542,0.54064,0.52956,0.51478,0.49507,0.48522,0.47537,0.46552,0.43966,0.4298,0.58498,1.0209,1.7155,2.186,1.9754,1.266,0.64039,0.43966,0.49015,0.53448,0.52463,0.50493,0.49015,0.47537,0.47537,0.4803,0.49015,0.50493,0.5197,0.52956,0.55049,0.56527,0.57512,0.5899,0.60961,0.63054,0.65517,0.6798,0.70567,0.74015,0.77463,0.81527,0.86084,0.91995,1,1.0751,1.1502,1.2204,1.2808,1.33,1.3461,1.335,1.2759,1.1749,1.0357,0.88054,0.71552,0.57512,0.46059,0.37438,0.31527,0.2697,0.24015,0.22537,0.22537,0.22537,0.22044,0.22537,0.22537,0.2303,0.2303,0.23522,0.24507,0.25493,0.26478,0.27463,0.28448,0.29433,0.31034,0.3202,0.33498,0.34483,0.35468,0.35961,0.36453,0.36946,0.37438,0.38054,0.38547,0.38547,0.38547,0.39039,0.39532,0.39532,0.39532,0.40025,0.40025,0.40025,0.40517,0.41502,0.41502,0.41502,0.41995,0.41995,0.41995,0.41995,0.42488,0.42488,0.4298,0.43473,0.43966,0.44458,0.44951,0.44951,0.45443,0.46059,0.46059,0.46059,0.46552,0.4803,0.49015,0.50985,0.54557,0.5702,0.58005,0.57512,0.5702,0.56527,0.56527,0.55542,0.53448,0.52956,0.51478,0.49015,0.4803,0.47537,0.46552,0.44458,0.43473,0.5,0.79557,1.431,2.0911,2.2266,1.5653,0.8202,0.44458,0.41995,0.5197,0.53448,0.50493,0.48522,0.47537,0.47537,0.4803,0.49015,0.5,0.51478,0.52956,0.54557,0.55542,0.5702,0.58498,0.59975,0.62069,0.64532,0.66502,0.69458,0.72044,0.75,0.78571,0.82512,0.89039,0.96552,1.0406,1.1207,1.2007,1.2709,1.3202,1.3461,1.351,1.3103,1.2204,1.0899,0.93473,0.77463,0.62562,0.49507,0.40025,0.32512,0.27956,0.24507,0.22537,0.22044,0.21429,0.21429,0.22044,0.22537,0.22537,0.22537,0.2303,0.23522,0.24507,0.25985,0.2697,0.27956,0.28941,0.30049,0.31034,0.3202,0.33005,0.3399,0.34975,0.35961,0.36946,0.37438,0.38054,0.37438,0.37438,0.38054,0.38547,0.38547,0.39039,0.39532,0.39532,0.40025,0.40025,0.40025,0.40025,0.40517,0.40517,0.41502,0.41995,0.41995,0.41995,0.42488,0.42488,0.4298,0.4298,0.4298,0.43473,0.43966,0.43966,0.44458,0.44951,0.46059,0.46059,0.47044,0.48522,0.49015,0.5197,0.55542,0.57512,0.57512,0.5702,0.55542,0.55542,0.56034,0.54557,0.53448,0.52463,0.50493,0.48522,0.47537,0.47537,0.47044,0.44458,0.4298,0.54064,0.92488,1.6059,2.1613,2.1958,1.3608,0.68473,0.4298,0.47044,0.52956,0.5197,0.49507,0.4803,0.47537,0.47537,0.48522,0.49507,0.50493,0.52463,0.54557,0.55542,0.56034,0.57512,0.58498,0.60468,0.62562,0.64532,0.66502,0.69458,0.72537,0.75985,0.80049,0.85468,0.91995,0.98522,1.0653,1.1404,1.2155,1.2808,1.3202,1.3411,1.33,1.2759,1.1749,1.0357,0.87562,0.71552,0.57512,0.46059,0.36946,0.30542,0.26478,0.24015,0.22537,0.22044,0.22044,0.22044,0.22537,0.2303,0.2303,0.24015,0.24015,0.25,0.25493,0.26478,0.27463,0.28448,0.30049,0.31034,0.31527,0.33005,0.3399,0.34975,0.35961,0.36453,0.37438,0.38054,0.39039,0.39532,0.38547,0.38547,0.38547,0.39039,0.39532,0.39532,0.40025,0.40025,0.40025,0.40517,0.40517,0.41502,0.41995,0.41995,0.41995,0.41995,0.42488,0.4298,0.42488,0.42488,0.4298,0.43966,0.44458,0.44458,0.44458,0.44951,0.45443,0.46059,0.46059,0.46059,0.46552,0.4803,0.49507,0.50985,0.54557,0.57512,0.58005,0.57512,0.5702,0.56527,0.5702,0.56527,0.55542,0.54557,0.52956,0.50493,0.49015,0.48522,0.47537,0.46552,0.43473,0.46552,0.67488,1.2254,1.9507,2.2414,1.8005,1.0209,0.50985,0.4298,0.51478,0.54064,0.5197,0.49507,0.49015,0.49015,0.48522,0.49015,0.49507,0.50985,0.52463,0.54064,0.55542,0.5702,0.5899,0.59975,0.62069,0.64039,0.6601,0.68473,0.71552,0.74507,0.78079,0.82512,0.88054,0.94581,1.0259,1.101,1.181,1.2451,1.3054,1.3411,1.351,1.3251,1.25,1.1305,0.9803,0.8202,0.66995,0.54064,0.4298,0.34975,0.29433,0.25493,0.2303,0.22044,0.22044,0.21429,0.22044,0.22044,0.22537,0.22537,0.2303,0.24015,0.25,0.25493,0.2697,0.28448,0.28941,0.30049,0.31527,0.32512,0.33498,0.3399,0.34975,0.35961,0.36946,0.37438,0.38054,0.38054,0.38547,0.38547,0.39039,0.38547,0.38547,0.39532,0.40025,0.40025,0.40025,0.40025,0.40517,0.40517,0.41502,0.41502,0.41995,0.41995,0.42488,0.4298,0.43473,0.43473,0.43966,0.43966,0.44458,0.44458,0.44951,0.44951,0.45443,0.46059,0.46059,0.46552,0.47044,0.4803,0.49015,0.50493,0.54064,0.57512,0.5899,0.5899,0.58005,0.56527,0.56034,0.55542,0.54557,0.54064,0.53448,0.51478,0.49507,0.4803,0.47537,0.46059,0.43473,0.4298,0.65025,1.1601,1.8756,2.2217,1.8559,1.0948,0.54557,0.4298,0.50493,0.53448,0.5197,0.49015,0.48522,0.48522,0.49015,0.49015,0.5,0.50985,0.52463,0.54064,0.56034,0.57512,0.58498,0.59975,0.62069,0.64039,0.66502,0.68473,0.71059,0.74507,0.78571,0.83005,0.89039,0.95074,1.0209,1.0948,1.1749,1.2451,1.3005,1.3411,1.351,1.3251,1.2451,1.1256,0.97537,0.8202,0.66502,0.53448,0.4298,0.34975,0.29433,0.25493,0.23522,0.22537,0.22537,0.2303,0.2303,0.2303,0.23522,0.24015,0.24015,0.24507,0.25,0.25985,0.2697,0.28448,0.29433,0.31034,0.3202,0.33498,0.3399,0.34975,0.35961,0.36453,0.37438,0.38054,0.38547,0.39532,0.40025,0.40025,0.39532,0.39532,0.40025,0.40025,0.40517,0.40517,0.4101,0.4101,0.41502,0.41502,0.41995,0.41995,0.42488,0.4298,0.43473,0.43966,0.43966,0.43966,0.43966,0.43966,0.44458,0.44951,0.44951,0.44951,0.45443,0.46059,0.46059,0.46552,0.47044,0.47044,0.48522,0.5,0.52463,0.56527,0.58498,0.5899,0.58005,0.5702,0.5702,0.5702,0.55542,0.55049,0.54557,0.52463,0.5,0.48522,0.4803,0.47537,0.45443,0.43473,0.5197,0.86576,1.5505,2.1712,2.2562,1.4704,0.74507,0.43966,0.4298,0.53448,0.54064,0.50985,0.49015,0.49015,0.49015,0.49507,0.5,0.50985,0.52463,0.53448,0.55049,0.56034,0.57512,0.59483,0.61453,0.63054,0.65025,0.66995,0.70074,0.7303,0.76478,0.80542,0.85468,0.91502,0.98522,1.0653,0.32512,0.33498,0.34975,0.35468,0.35961,0.36453,0.36946,0.38054,0.38547,0.38547,0.38547,0.38547,0.39039,0.38547,0.38547,0.38547,0.39532,0.39532,0.40025,0.40025,0.40517,0.4101,0.41502,0.41502,0.41995,0.42488,0.42488,0.4298,0.4298,0.43473,0.43966,0.44458,0.43966,0.43966,0.44951,0.44951,0.46059,0.46059,0.46059,0.46552,0.46552,0.47044,0.47044,0.4803,0.5,0.50985,0.52956,0.56527,0.5899,0.59483,0.5899,0.57512,0.5702,0.5702,0.55542,0.55049,0.54557,0.52956,0.50493,0.49015,0.48522,0.47537,0.45443,0.43966,0.52956,0.87562,1.5456,2.1515,2.2365,1.4901,0.79557,0.48522,0.47044,0.55049,0.53448,0.50493,0.4803,0.47044,0.47537,0.48522,0.49015,0.50493,0.51478,0.52956,0.54064,0.55542,0.56527,0.58498,0.60468,0.62069,0.64039,0.6601,0.68473,0.71552,0.75,0.79557,0.84975,0.90517,0.96552,1.0456,1.1207,1.2057,1.2808,1.335,1.3707,1.3756,1.335,1.2549,1.1256,0.97044,0.80542,0.65025,0.5197,0.41502,0.3399,0.28941,0.25,0.2303,0.22044,0.22044,0.22044,0.22044,0.22044,0.22044,0.22537,0.23522,0.24015,0.25,0.25985,0.2697,0.27956,0.28448,0.29433,0.30049,0.31034,0.32512,0.33498,0.3399,0.34975,0.35961,0.36946,0.37438,0.38054,0.37438,0.38054,0.38054,0.38547,0.38547,0.39039,0.39039,0.39039,0.40025,0.40517,0.4101,0.4101,0.4101,0.40517,0.41502,0.41995,0.42488,0.42488,0.42488,0.4298,0.43966,0.44458,0.44458,0.43966,0.43966,0.44458,0.44951,0.45443,0.46059,0.46059,0.46059,0.46552,0.47044,0.47537,0.48522,0.5,0.50985,0.52956,0.56527,0.58498,0.5899,0.58005,0.57512,0.57512,0.58005,0.56034,0.55049,0.53448,0.51478,0.49507,0.48522,0.47537,0.47044,0.44458,0.43966,0.58498,1.0308,1.7611,2.2512,2.0259,1.2906,0.65025,0.44458,0.49507,0.54064,0.52463,0.5,0.48522,0.48522,0.4803,0.48522,0.49507,0.50493,0.5197,0.52956,0.55049,0.56527,0.57512,0.58498,0.59975,0.62069,0.64532,0.66995,0.70074,0.7303,0.76478,0.80542,0.86084,0.91995,0.99015,1.0702,1.1502,1.2254,1.2906,1.3461,1.3756,1.3805,1.3251,1.2254,1.08,0.91502,0.75493,0.60468,0.4803,0.39039,0.31527,0.2697,0.24015,0.22044,0.21429,0.21429,0.22044,0.22044,0.22044,0.22044,0.22537,0.23522,0.25,0.25493,0.26478,0.2697,0.27463,0.28941,0.30049,0.31527,0.32512,0.33498,0.3399,0.35468,0.35961,0.36453,0.37438,0.38054,0.38054,0.38547,0.38547,0.38547,0.38547,0.39532,0.39532,0.39532,0.40025,0.40517,0.40517,0.40025,0.40517,0.4101,0.41502,0.41502,0.41995,0.42488,0.42488,0.42488,0.4298,0.43473,0.43966,0.44458,0.44951,0.44951,0.44951,0.44951,0.46059,0.46059,0.46552,0.46552,0.4803,0.49507,0.50985,0.54557,0.5702,0.58498,0.5899,0.57512,0.5702,0.5702,0.5702,0.55542,0.54557,0.53448,0.50985,0.49015,0.4803,0.47537,0.46552,0.43473,0.4298,0.65025,1.1601,1.8756,2.2217,1.8658,1.1305,0.58498,0.46059,0.50985,0.53448,0.50985,0.49015,0.48522,0.4803,0.4803,0.48522,0.49507,0.50493,0.5197,0.52956,0.54557,0.56034,0.57512,0.5899,0.60961,0.63054,0.64532,0.66502,0.69458,0.7303,0.7697,0.81527,0.87069,0.93473,1.0099,1.085,1.165,1.2401,1.3005,1.351,1.3707,1.3559,1.2956,1.186,1.0406,0.87562,0.71059,0.56527,0.44951,0.36453,0.30049,0.25985,0.2303,0.22044,0.22044,0.22044,0.22537,0.22537,0.2303,0.23522,0.23522,0.24015,0.24507,0.25493,0.26478,0.27463,0.28448,0.30049,0.31034,0.31527,0.32512,0.33498,0.34975,0.35468,0.35961,0.36453,0.36946,0.37438,0.38054,0.38547,0.38547,0.39039,0.39532,0.39532,0.40025,0.40025,0.40025,0.40517,0.40517,0.4101,0.4101,0.41502,0.41502,0.41995,0.42488,0.4298,0.4298,0.4298,0.4298,0.4298,0.43966,0.44458,0.44458,0.44458,0.44951,0.45443,0.46552,0.47044,0.46552,0.46552,0.46552,0.47537,0.49015,0.5,0.52463,0.56034,0.58498,0.59483,0.58005,0.5702,0.56527,0.56527,0.55542,0.54064,0.54064,0.52463,0.50493,0.49015,0.4803,0.47537,0.45443,0.43473,0.50493,0.83005,1.5012,2.1466,2.2562,1.5406,0.81034,0.46552,0.43966,0.53448,0.54064,0.50985,0.49507,0.49015,0.49015,0.49015,0.49015,0.49507,0.50985,0.52956,0.54557,0.56034,0.57512,0.58498,0.59975,0.62069,0.64039,0.66502,0.68966,0.72044,0.75,0.79557,0.8399,0.90025,0.97537,1.0456,1.1207,1.2007,1.2709,1.3251,1.3608,1.3658,1.33,1.2451,1.1207,0.97044,0.80542,0.65025,0.51478,0.40517,0.33005,0.28448,0.25,0.22537,0.20936,0.20936,0.20936,0.20936,0.21429,0.22044,0.22537,0.2303,0.23522,0.24015,0.25,0.25985,0.2697,0.28448,0.29433,0.31034,0.3202,0.33005,0.3399,0.34975,0.35961,0.36453,0.36453,0.37438,0.37438,0.37438,0.38054,0.38054,0.38054,0.38547,0.39039,0.39532,0.39532,0.39532,0.39532,0.40025,0.40517,0.4101,0.41502,0.41995,0.41995,0.41995,0.41995,0.42488,0.4298,0.43473,0.43966,0.43966,0.43966,0.44951,0.45443,0.45443,0.44951,0.44951,0.45443,0.46059,0.47044,0.49015,0.5,0.52956,0.56527,0.57512,0.58005,0.56527,0.56034,0.56034,0.56034,0.55049,0.54064,0.53448,0.50985,0.48522,0.47044,0.47044,0.46059,0.43473,0.42488,0.59975,1.0653,1.7906,2.2266,1.9458,1.2155,0.63054,0.44951,0.5,0.53448,0.5197,0.49015,0.47537,0.47537,0.47537,0.48522,0.49507,0.50985,0.5197,0.52956,0.54064,0.55049,0.56527,0.58498,0.59975,0.62069,0.64039,0.6601,0.68966,0.72044,0.75985,0.80542,0.86084,0.91995,0.99015,1.0702,1.1552,1.2303,1.2956,1.3461,1.3707,1.3559,1.2956,1.186,1.0456,0.88547,0.72537,0.58005,0.46059,0.36946,0.30049,0.25985,0.24015,0.22537,0.21429,0.20936,0.20936,0.20936,0.21429,0.22044,0.22537,0.2303,0.24015,0.24507,0.25493,0.26478,0.27463,0.28448,0.29433,0.30542,0.3202,0.33498,0.3399,0.34975,0.35468,0.35961,0.35961,0.36453,0.36453,0.36946,0.37438,0.38054,0.38054,0.38054,0.38547,0.39039,0.39532,0.39532,0.39532,0.39532,0.40025,0.40025,0.40517,0.40517,0.41502,0.42488,0.4298,0.42488,0.41995,0.42488,0.4298,0.43473,0.43966,0.44458,0.44458,0.44458,0.44951,0.44951,0.44951,0.45443,0.46552,0.48522,0.5,0.52463,0.55542,0.57512,0.58005,0.58005,0.5702,0.56527,0.56527,0.55542,0.55049,0.54064,0.5197,0.49507,0.4803,0.47537,0.47044,0.44951,0.43473,0.53448,0.9101,1.6059,2.186,2.2414,1.415,0.71552,0.44458,0.4803,0.53448,0.52463,0.49507,0.4803,0.47537,0.47537,0.48522,0.49507,0.50985,0.51478,0.52956,0.54557,0.56034,0.57512,0.5899,0.60468,0.63054,0.64532,0.66502,0.69458,0.72537,0.75493,0.80049,0.8399,0.89532,0.96552,1.0456,1.1305,1.2106,1.2808,1.3411,1.3608,1.3658,1.3153,1.2254,1.0948,0.93473,0.77463,0.62069,0.49507,0.39532,0.32512,0.27463,0.24507,0.22537,0.21429,0.20936,0.20936,0.20936,0.21429,0.22537,0.2303,0.23522,0.24015,0.24507,0.25493,0.26478,0.2697,0.28448,0.29433,0.31527,0.33005,0.33498,0.3399,0.34975,0.35468,0.36453,0.37438,0.38054,0.38054,0.38054,0.38547,0.38547,0.39039,0.39039,0.38547,0.38054,0.38547,0.38547,0.39532,0.40025,0.40517,0.4101,0.4101,0.4101,0.4101,0.41502,0.41502,0.41995,0.4298,0.43473,0.43473,0.43473,0.43966,0.44458,0.43966,0.43966,0.44458,0.44951,0.46059,0.46552,0.47537,0.49015,0.5,0.53448,0.56527,0.58005,0.58005,0.5702,0.56034,0.56034,0.55542,0.54557,0.54064,0.53448,0.50985,0.48522,0.47537,0.47044,0.46059,0.42488,0.44458,0.64039,1.1552,1.8707,2.2266,1.8658,1.1158,0.56527,0.44458,0.5,0.52956,0.50985,0.48522,0.47537,0.47537,0.4803,0.49015,0.5,0.50985,0.5197,0.53448,0.55049,0.56527,0.58005,0.59483,0.60961,0.63054,0.65025,0.6798,0.71059,0.74507,0.7697,0.80542,0.86084,0.92488,1,1.08,1.1601,1.2401,1.3054,1.3461,1.3608,1.3411,1.2759,1.165,1.0148,0.85468,0.69458,0.55542,0.44458,0.36453,0.30542,0.25985,0.22537,0.22044,0.21429,0.21429,0.21429,0.22044,0.22044,0.22537,0.2303,0.24015,0.24507,0.25493,0.2697,0.28448,0.28941,0.29433,0.31034,0.3202,0.33005,0.3399,0.34975,0.35468,0.35961,0.36453,0.36946,0.38054,0.38547,0.38547,0.38547,0.38547,0.38547,0.39532,0.40025,0.40025,0.40025,0.40025,0.40517,0.4101,0.41502,0.41502,0.41995,0.42488,0.4298,0.43473,0.43473,0.4298,0.4298,0.43966,0.44458,0.44458,0.44458,0.44951,0.44951,0.46059,0.46552,0.46552,0.46552,0.46552,0.47537,0.49015,0.50493,0.53448,0.56527,0.57512,0.58005,0.5702,0.56527,0.56034,0.56034,0.55049,0.54064,0.52956,0.50985,0.49015,0.48522,0.47537,0.46552,0.43966,0.4298,0.58498,1.0357,1.7709,2.2463,1.9914,1.2401,0.60961,0.4298,0.49507,0.54064,0.52463,0.5,0.49015,0.48522,0.48522,0.50985,0.49015,0.48522,0.4803,0.48522,0.49015,0.5,0.50985,0.52463,0.53448,0.54557,0.56034,0.57512,0.5899,0.60961,0.63054,0.65025,0.67488,0.70074,0.7303,0.20443,0.20443,0.20443,0.20936,0.22044,0.22537,0.2303,0.24015,0.24507,0.25493,0.26478,0.27463,0.28448,0.29433,0.31034,0.3202,0.33498,0.34975,0.35468,0.35961,0.36946,0.37438,0.38054,0.38054,0.38054,0.38547,0.38547,0.39039,0.39532,0.39532,0.40025,0.40025,0.40025,0.40025,0.40517,0.4101,0.41502,0.41502,0.41502,0.41502,0.41995,0.42488,0.4298,0.43473,0.43473,0.43473,0.43473,0.43966,0.44951,0.45443,0.45443,0.46059,0.46059,0.46059,0.46552,0.47044,0.4803,0.49507,0.5197,0.55542,0.57512,0.58005,0.5702,0.56034,0.56034,0.56527,0.55542,0.55049,0.54064,0.52463,0.5,0.48522,0.47537,0.46552,0.44458,0.42488,0.49015,0.79064,1.4409,2.1108,2.2512,1.6207,0.87069,0.48522,0.44951,0.53448,0.54064,0.5,0.47537,0.47537,0.47537,0.48522,0.49015,0.49507,0.50493,0.5197,0.52956,0.54557,0.56034,0.57512,0.5899,0.60961,0.63547,0.65517,0.68473,0.71552,0.74507,0.78571,0.83005,0.89039,0.96059,1.0308,1.1108,1.1958,1.266,1.3251,1.3658,1.3756,1.3411,1.2611,1.1355,0.9803,0.8202,0.6601,0.5197,0.41502,0.3399,0.28941,0.24507,0.21429,0.19951,0.19951,0.19951,0.20443,0.20936,0.20936,0.22044,0.22537,0.2303,0.23522,0.24507,0.25493,0.2697,0.28448,0.28941,0.30542,0.31527,0.32512,0.33005,0.3399,0.34975,0.35468,0.35961,0.36453,0.36453,0.36946,0.38054,0.38547,0.38547,0.38547,0.38547,0.38547,0.39039,0.39532,0.40025,0.40517,0.40517,0.40517,0.40517,0.41502,0.41995,0.41995,0.41995,0.41995,0.42488,0.4298,0.43966,0.43966,0.43966,0.43966,0.43966,0.44458,0.44951,0.44951,0.45443,0.46059,0.46059,0.46552,0.46552,0.47537,0.49015,0.5,0.51478,0.55049,0.57512,0.5899,0.58005,0.5702,0.56527,0.56527,0.56034,0.55049,0.54064,0.52463,0.5,0.48522,0.4803,0.47537,0.46059,0.43473,0.4803,0.72044,1.3103,2.0259,2.2463,1.7512,0.9803,0.51478,0.44951,0.51478,0.53448,0.50493,0.4803,0.47044,0.47044,0.47537,0.48522,0.49507,0.50493,0.5197,0.53448,0.55049,0.56034,0.5702,0.58498,0.60468,0.62562,0.64532,0.67488,0.70567,0.74015,0.77463,0.8202,0.87562,0.94089,1.0209,1.101,1.181,1.2549,1.3202,1.3658,1.3805,1.3559,1.2709,1.1453,0.99015,0.82512,0.66995,0.53448,0.41502,0.3399,0.28448,0.24507,0.22044,0.20936,0.20936,0.20936,0.20936,0.21429,0.22044,0.22537,0.22537,0.2303,0.24015,0.25,0.26478,0.27463,0.27956,0.28448,0.29433,0.31034,0.32512,0.33498,0.34483,0.35468,0.35961,0.36946,0.38054,0.38547,0.38547,0.39039,0.39039,0.39039,0.39532,0.39532,0.40025,0.40025,0.40025,0.39532,0.39532,0.40025,0.40517,0.4101,0.41502,0.41995,0.42488,0.42488,0.4298,0.43473,0.43473,0.43966,0.43966,0.44458,0.44458,0.44951,0.45443,0.46059,0.46059,0.46059,0.46059,0.46059,0.46552,0.47537,0.49015,0.50493,0.52956,0.56527,0.58498,0.5899,0.57512,0.56527,0.56527,0.56527,0.56034,0.55049,0.53448,0.5197,0.49507,0.48522,0.47537,0.47044,0.44458,0.43473,0.54557,0.92488,1.6305,2.2106,2.2611,1.4212,0.72537,0.45443,0.49507,0.54557,0.52956,0.5,0.47537,0.47537,0.47537,0.4803,0.49015,0.50493,0.5197,0.53448,0.54557,0.55542,0.57512,0.59483,0.60961,0.62069,0.64039,0.6601,0.68966,0.72044,0.75493,0.79557,0.8399,0.90025,0.97537,1.0505,1.1355,1.2155,1.2808,1.3411,1.3707,1.3756,1.3251,1.2352,1.101,0.94089,0.77463,0.62562,0.5,0.39532,0.3202,0.26478,0.23522,0.21429,0.20443,0.20443,0.20443,0.20936,0.20936,0.22044,0.22537,0.22537,0.2303,0.24015,0.25,0.26478,0.27463,0.27956,0.28941,0.30049,0.31034,0.3202,0.33005,0.33498,0.34483,0.35468,0.35961,0.35961,0.36453,0.36946,0.37438,0.37438,0.38054,0.38054,0.38054,0.38054,0.38054,0.38547,0.38547,0.39532,0.40025,0.40025,0.40517,0.40517,0.4101,0.41502,0.41502,0.41995,0.41995,0.42488,0.4298,0.43966,0.43966,0.43473,0.43473,0.43966,0.44458,0.44951,0.45443,0.45443,0.46059,0.46059,0.47044,0.48522,0.49507,0.5197,0.55542,0.58005,0.5899,0.58005,0.5702,0.56527,0.56527,0.55542,0.54064,0.53448,0.5197,0.49507,0.48522,0.47537,0.47044,0.44458,0.42488,0.50985,0.84483,1.516,2.1564,2.266,1.5357,0.80542,0.46059,0.43966,0.52956,0.53448,0.5,0.47537,0.47044,0.47044,0.47537,0.48522,0.5,0.51478,0.52956,0.54557,0.56034,0.5702,0.58005,0.59483,0.62069,0.64039,0.66502,0.69458,0.72044,0.75,0.79064,0.83498,0.89532,0.96059,1.0406,1.1207,1.2057,1.2759,1.33,1.3707,1.3805,1.33,1.2401,1.1059,0.94581,0.78079,0.62562,0.49507,0.40025,0.32512,0.27463,0.24015,0.22044,0.20936,0.20936,0.20936,0.21429,0.22044,0.22537,0.2303,0.23522,0.24015,0.24507,0.25493,0.26478,0.2697,0.27956,0.28941,0.30049,0.31527,0.33005,0.3399,0.34975,0.35468,0.36453,0.37438,0.38054,0.38547,0.38547,0.38547,0.38547,0.39039,0.39532,0.40025,0.40025,0.40025,0.40517,0.40517,0.4101,0.41502,0.41502,0.41995,0.41995,0.42488,0.4298,0.43966,0.43473,0.43473,0.43966,0.44458,0.44458,0.44951,0.44951,0.45443,0.45443,0.46059,0.46552,0.46552,0.47044,0.47044,0.47044,0.48522,0.5,0.51478,0.55049,0.58498,0.59483,0.5899,0.57512,0.56527,0.56034,0.56034,0.55049,0.55049,0.53448,0.50493,0.48522,0.4803,0.4803,0.46552,0.43966,0.43473,0.65025,1.186,1.9212,2.2611,1.8756,1.1207,0.58005,0.46059,0.5197,0.54064,0.50985,0.48522,0.47537,0.47537,0.47537,0.48522,0.49015,0.50493,0.5197,0.52956,0.55049,0.56527,0.58498,0.59483,0.60961,0.63054,0.65517,0.6798,0.70567,0.74015,0.77463,0.8202,0.86576,0.92488,1,1.0751,1.1601,1.2401,1.3054,1.3559,1.3805,1.3608,1.3054,1.1958,1.0456,0.88547,0.72537,0.58005,0.46059,0.36946,0.30542,0.26478,0.23522,0.21429,0.20443,0.20443,0.20936,0.20936,0.21429,0.22044,0.22537,0.23522,0.24507,0.25,0.25493,0.26478,0.27463,0.28941,0.29433,0.31034,0.3202,0.33005,0.34483,0.35468,0.35468,0.35961,0.35961,0.36453,0.36946,0.37438,0.37438,0.38054,0.38547,0.38547,0.38547,0.38547,0.39532,0.40025,0.40025,0.40025,0.40517,0.40517,0.4101,0.41502,0.41995,0.41995,0.41995,0.42488,0.4298,0.43966,0.43966,0.43966,0.43966,0.44458,0.44458,0.44951,0.45443,0.46059,0.46059,0.46059,0.46552,0.46552,0.47537,0.49015,0.50985,0.54557,0.5702,0.58498,0.5899,0.57512,0.56527,0.5702,0.56527,0.55049,0.54064,0.53448,0.50985,0.49507,0.48522,0.4803,0.47044,0.43966,0.4298,0.62069,1.1256,1.8658,2.2562,1.931,1.181,0.59975,0.44458,0.5,0.53448,0.51478,0.49015,0.48522,0.4803,0.4803,0.49015,0.5,0.50985,0.5197,0.53448,0.55542,0.5702,0.57512,0.5899,0.59975,0.62562,0.64532,0.67488,0.70074,0.7303,0.76478,0.81034,0.86576,0.9298,1,1.08,1.1601,1.2451,1.3103,1.3559,1.3756,1.3608,1.3054,1.1909,1.0456,0.87562,0.71552,0.56527,0.44951,0.35961,0.29433,0.25,0.22537,0.21429,0.20936,0.20936,0.21429,0.22044,0.22537,0.22537,0.22537,0.23522,0.24507,0.25493,0.2697,0.27463,0.27956,0.28941,0.30542,0.31527,0.33005,0.33498,0.3399,0.35468,0.36453,0.37438,0.38054,0.38547,0.38547,0.39039,0.39532,0.39532,0.40025,0.40025,0.40517,0.40517,0.4101,0.41502,0.41502,0.41502,0.41502,0.41995,0.42488,0.42488,0.42488,0.42488,0.42488,0.4298,0.43966,0.43966,0.43966,0.43966,0.44458,0.44951,0.44951,0.44951,0.45443,0.46059,0.46552,0.47044,0.47537,0.49015,0.5,0.52956,0.56034,0.58005,0.58498,0.57512,0.56527,0.56034,0.56034,0.55049,0.54064,0.53448,0.51478,0.49015,0.4803,0.47537,0.47044,0.44458,0.43473,0.55542,0.95074,1.6552,2.2155,2.2512,1.3855,0.70567,0.44951,0.49507,0.53448,0.54064,0.49507,0.4803,0.47537,0.47537,0.4803,0.49015,0.5,0.51478,0.53448,0.55049,0.55542,0.5702,0.58005,0.59975,0.62069,0.64039,0.66502,0.69458,0.72537,0.75493,0.80049,0.84483,0.90517,0.97537,1.0505,1.1305,1.2155,1.2857,1.3411,1.3658,1.3707,1.3251,1.2401,1.1059,0.94089,0.7697,0.61453,0.49015,0.39039,0.3202,0.2697,0.23522,0.21429,0.20443,0.20443,0.20443,0.20936,0.21429,0.22044,0.22537,0.2303,0.24015,0.24507,0.25493,0.2697,0.27463,0.28941,0.30049,0.31034,0.3202,0.33005,0.3399,0.34483,0.35468,0.35961,0.36453,0.36453,0.37438,0.38054,0.38054,0.38054,0.38054,0.38547,0.38547,0.39532,0.39532,0.39532,0.40025,0.40025,0.40517,0.4101,0.41502,0.41995,0.41995,0.41995,0.42488,0.42488,0.4298,0.43473,0.43966,0.43966,0.44458,0.44458,0.44951,0.44951,0.45443,0.24015,0.24507,0.25493,0.26478,0.27956,0.28448,0.28941,0.30049,0.31034,0.3202,0.33005,0.3399,0.34975,0.35961,0.36453,0.37438,0.37438,0.38054,0.38054,0.38547,0.39039,0.39532,0.39039,0.39039,0.39532,0.40025,0.40517,0.40025,0.40025,0.40517,0.4101,0.41502,0.42488,0.4298,0.4298,0.4298,0.4298,0.4298,0.43473,0.43966,0.44458,0.44951,0.45443,0.45443,0.46059,0.46059,0.46552,0.47044,0.47537,0.48522,0.49507,0.50493,0.52956,0.56527,0.5899,0.59483,0.58005,0.57512,0.57512,0.5702,0.56034,0.54557,0.53448,0.5197,0.49507,0.49015,0.48522,0.47537,0.44951,0.43473,0.53448,0.89532,1.5813,2.181,2.2512,1.4507,0.74015,0.45443,0.44951,0.54557,0.55049,0.50493,0.49015,0.48522,0.48522,0.49015,0.50493,0.51478,0.52463,0.54064,0.55049,0.56034,0.57512,0.5899,0.60961,0.63054,0.65025,0.67488,0.70074,0.7303,0.76478,0.80542,0.85468,0.91502,0.9803,1.0554,1.1355,1.2155,1.2857,1.351,1.3904,1.3953,1.3411,1.2451,1.1059,0.95074,0.79064,0.63547,0.50493,0.40517,0.32512,0.27956,0.24507,0.22537,0.22044,0.22044,0.21429,0.21429,0.22044,0.22537,0.24015,0.24507,0.24507,0.25,0.25493,0.2697,0.27956,0.28941,0.30542,0.31034,0.3202,0.33005,0.3399,0.35468,0.35961,0.36453,0.37438,0.38054,0.38054,0.38054,0.38547,0.39039,0.39039,0.39039,0.39039,0.39532,0.39532,0.40025,0.40517,0.40517,0.4101,0.41502,0.41995,0.42488,0.42488,0.42488,0.42488,0.4298,0.43473,0.43966,0.44458,0.43966,0.43966,0.43966,0.44458,0.44458,0.44951,0.45443,0.46552,0.47537,0.49015,0.50493,0.54557,0.5702,0.58005,0.57512,0.56034,0.56034,0.56034,0.56034,0.54557,0.53448,0.5197,0.49507,0.47537,0.47044,0.46552,0.44458,0.41995,0.46059,0.69458,1.2549,1.9557,2.2106,1.7611,1.0148,0.53448,0.45443,0.51478,0.53448,0.50985,0.48522,0.47537,0.47537,0.47537,0.49015,0.5,0.50985,0.52956,0.54557,0.55542,0.56034,0.57512,0.5899,0.60961,0.63054,0.65517,0.67488,0.70074,0.73522,0.78079,0.82512,0.88054,0.94089,1.0099,1.0899,1.1749,1.2611,1.3251,1.3658,1.3805,1.351,1.2709,1.1502,0.99507,0.83498,0.66995,0.54064,0.42488,0.34483,0.28941,0.25,0.2303,0.22044,0.22044,0.22537,0.2303,0.22537,0.22044,0.22044,0.22537,0.2303,0.24507,0.25,0.26478,0.27463,0.28941,0.29433,0.30049,0.31527,0.32512,0.33498,0.34975,0.35961,0.36453,0.36946,0.37438,0.38054,0.38547,0.39532,0.39039,0.38547,0.38547,0.38547,0.39532,0.39532,0.40025,0.40517,0.40517,0.40517,0.4101,0.41502,0.41995,0.41995,0.42488,0.42488,0.4298,0.4298,0.4298,0.43966,0.43966,0.44458,0.44951,0.44951,0.44951,0.44951,0.44951,0.46059,0.46552,0.47044,0.4803,0.49015,0.5197,0.55542,0.58498,0.5899,0.58005,0.56527,0.56034,0.56034,0.55049,0.54064,0.53448,0.5197,0.5,0.48522,0.47537,0.47044,0.44951,0.4298,0.49507,0.79064,1.431,2.0961,2.2365,1.601,0.84975,0.47044,0.43473,0.52463,0.53448,0.50493,0.48522,0.47537,0.47537,0.48522,0.49507,0.50493,0.51478,0.52956,0.54064,0.55049,0.56527,0.58498,0.59975,0.62562,0.64532,0.6601,0.68473,0.71552,0.75,0.78571,0.83005,0.89532,0.96059,1.0406,1.1158,1.2007,1.2709,1.3251,1.3658,1.3756,1.3461,1.2611,1.1305,0.97537,0.81034,0.65025,0.5197,0.4101,0.33498,0.27956,0.24507,0.22044,0.20936,0.20936,0.20936,0.21429,0.22044,0.22044,0.22537,0.2303,0.24015,0.24507,0.25985,0.2697,0.27463,0.28448,0.29433,0.30542,0.3202,0.33005,0.3399,0.34975,0.35961,0.36453,0.36946,0.37438,0.38054,0.38054,0.38054,0.38054,0.38547,0.39039,0.39532,0.39532,0.40025,0.40025,0.40025,0.40517,0.40517,0.4101,0.41502,0.41502,0.41995,0.41995,0.42488,0.4298,0.4298,0.4298,0.43473,0.43966,0.44458,0.44951,0.44951,0.44951,0.44951,0.44951,0.46552,0.47537,0.48522,0.5,0.54064,0.56527,0.57512,0.5702,0.56034,0.56034,0.56034,0.55542,0.54064,0.53448,0.5197,0.49015,0.47537,0.47537,0.47537,0.45443,0.42488,0.46552,0.68966,1.2611,1.9655,2.2106,1.7562,1,0.52463,0.44951,0.50985,0.52956,0.50493,0.48522,0.47044,0.47044,0.47537,0.48522,0.49507,0.50493,0.5197,0.53448,0.55049,0.56034,0.57512,0.59483,0.60961,0.63054,0.65025,0.67488,0.70567,0.74015,0.77463,0.8202,0.87562,0.94089,1.0209,1.101,1.181,1.25,1.3103,1.3559,1.3707,1.3411,1.2549,1.1355,0.9803,0.8202,0.66502,0.52956,0.41502,0.33498,0.27956,0.24507,0.22537,0.22044,0.22044,0.22044,0.22044,0.22044,0.22537,0.22537,0.2303,0.23522,0.24507,0.25493,0.26478,0.27463,0.28448,0.29433,0.30542,0.31034,0.3202,0.33498,0.34483,0.35961,0.36946,0.37438,0.38054,0.38054,0.38547,0.38547,0.39039,0.39532,0.39532,0.39532,0.40025,0.40025,0.40517,0.40517,0.40517,0.4101,0.41995,0.41995,0.42488,0.42488,0.42488,0.42488,0.4298,0.43473,0.43966,0.43966,0.43966,0.44458,0.44458,0.44951,0.45443,0.46059,0.46059,0.46059,0.46059,0.47044,0.48522,0.50493,0.5197,0.55049,0.57512,0.5899,0.58005,0.5702,0.56034,0.56034,0.56034,0.55049,0.54064,0.52956,0.50493,0.49015,0.4803,0.47537,0.46552,0.43966,0.46059,0.66502,1.1958,1.9163,2.2365,1.8411,1.08,0.55542,0.44951,0.5197,0.55049,0.52463,0.49015,0.4803,0.4803,0.48522,0.49015,0.5,0.50985,0.52463,0.54064,0.55542,0.5702,0.58005,0.59483,0.60961,0.63547,0.6601,0.68473,0.71059,0.74015,0.78079,0.82512,0.87069,0.93473,1.0049,1.085,1.165,1.2401,1.3054,1.3559,1.3707,1.3559,1.2906,1.186,1.0357,0.87069,0.71059,0.56527,0.44458,0.35961,0.30049,0.25985,0.23522,0.22044,0.21429,0.20936,0.21429,0.22044,0.22044,0.2303,0.23522,0.23522,0.24015,0.24507,0.25985,0.2697,0.28448,0.28941,0.30542,0.31527,0.32512,0.33498,0.34975,0.35468,0.35961,0.36453,0.36946,0.37438,0.38054,0.38547,0.38547,0.38547,0.38547,0.38547,0.38547,0.39039,0.39532,0.40025,0.40025,0.40025,0.40517,0.40517,0.41502,0.41502,0.41995,0.42488,0.42488,0.4298,0.43473,0.44458,0.44458,0.43473,0.43473,0.43966,0.44458,0.44951,0.45443,0.46059,0.45443,0.46059,0.47044,0.48522,0.50985,0.55049,0.5702,0.57512,0.5702,0.56034,0.56034,0.56034,0.55542,0.54064,0.52463,0.50985,0.48522,0.47044,0.47044,0.46552,0.43966,0.41502,0.4803,0.78571,1.4261,2.0813,2.2155,1.5911,0.86084,0.48522,0.44458,0.5197,0.52463,0.5,0.4803,0.47044,0.47044,0.47537,0.48522,0.49507,0.50493,0.5197,0.53448,0.55049,0.5702,0.58498,0.59975,0.62069,0.63547,0.6601,0.68473,0.71059,0.74507,0.78571,0.83498,0.89532,0.96552,1.0357,1.1158,1.1909,1.2611,1.3202,1.3559,1.3608,1.3202,1.2352,1.1059,0.94581,0.77463,0.62069,0.49507,0.39532,0.3202,0.2697,0.24015,0.22537,0.21429,0.21429,0.20936,0.21429,0.22537,0.2303,0.2303,0.2303,0.23522,0.24507,0.25985,0.2697,0.27463,0.28941,0.30049,0.31034,0.3202,0.33498,0.34483,0.35468,0.36453,0.37438,0.38054,0.38547,0.38547,0.39532,0.39532,0.39532,0.40025,0.40025,0.40025,0.40025,0.40025,0.40517,0.40517,0.40517,0.40517,0.4101,0.41502,0.41995,0.42488,0.42488,0.4298,0.4298,0.43473,0.43966,0.44458,0.44951,0.44458,0.44458,0.44458,0.44951,0.45443,0.46059,0.46552,0.47044,0.4803,0.49015,0.50985,0.54557,0.5702,0.57512,0.57512,0.56527,0.56034,0.56527,0.55542,0.54064,0.53448,0.5197,0.5,0.48522,0.47537,0.47044,0.45443,0.4298,0.4803,0.74507,1.3608,2.0456,2.2155,1.6761,0.9298,0.5,0.44951,0.52956,0.53448,0.50493,0.49015,0.4803,0.47537,0.4803,0.49015,0.49507,0.50985,0.52463,0.54064,0.55542,0.5702,0.58005,0.5899,0.60961,0.63547,0.65517,0.6798,0.70567,0.74015,0.78079,0.82512,0.88547,0.95074,1.0259,1.101,1.186,1.2611,1.3202,1.3608,1.3707,1.3461,1.266,1.1404,0.99015,0.83005,0.66995,0.52956,0.41502,0.33498,0.27956,0.24015,0.22044,0.20936,0.20936,0.20936,0.20936,0.20936,0.22044,0.22044,0.22537,0.23522,0.24507,0.25493,0.26478,0.2697,0.27956,0.29433,0.31034,0.31527,0.32512,0.33498,0.3399,0.34975,0.35468,0.35961,0.36453,0.36453,0.37438,0.37438,0.38054,0.38054,0.38054,0.38547,0.39039,0.38547,0.39039,0.39532,0.40025,0.40025,0.40025,0.40025,0.40517,0.4101,0.41502,0.41995,0.42488,0.42488,0.42488,0.4298,0.4298,0.43473,0.43966,0.44458,0.44951,0.44458,0.44458,0.44951,0.45443,0.45443,0.46552,0.4803,0.49015,0.50985,0.55049,0.5702,0.57512,0.5702,0.55542,0.55542,0.55542,0.55049,0.54064,0.52956,0.50493,0.48522,0.47537,0.47537,0.47044,0.44458,0.42488,0.5197,0.87069,1.5505,2.1564,2.2315,1.4606,0.75493,0.45443,0.44458,0.52463,0.52956,0.49015,0.47044,0.46552,0.46552,0.47537,0.49015,1.3756,1.3805,1.3202,1.2254,1.085,0.9298,0.76478,0.61453,0.49015,0.39039,0.31527,0.2697,0.24015,0.22044,0.20936,0.20936,0.20936,0.21429,0.22044,0.22044,0.22044,0.2303,0.24015,0.24507,0.25493,0.26478,0.27463,0.28448,0.29433,0.31034,0.3202,0.33005,0.3399,0.34975,0.35961,0.37438,0.38054,0.38547,0.38547,0.38547,0.38547,0.38547,0.38547,0.39532,0.39532,0.39532,0.39532,0.40025,0.40517,0.4101,0.4101,0.41502,0.41502,0.41502,0.41995,0.42488,0.4298,0.43473,0.43966,0.43966,0.43473,0.43966,0.44458,0.44951,0.44951,0.44951,0.44951,0.46059,0.46059,0.46552,0.46552,0.46552,0.47537,0.49015,0.50493,0.5197,0.55542,0.58005,0.5899,0.59483,0.57512,0.5702,0.56527,0.55542,0.54557,0.54064,0.52463,0.50493,0.48522,0.4803,0.47537,0.45443,0.43473,0.49507,0.78079,1.4052,2.0764,2.2315,1.6404,0.89532,0.49015,0.44951,0.53448,0.54557,0.51478,0.49507,0.49015,0.48522,0.49015,0.49507,0.50985,0.5197,0.53448,0.55049,0.56034,0.57512,0.5899,0.60468,0.63054,0.64532,0.66995,0.70074,0.7303,0.75985,0.79557,0.8399,0.89039,0.96059,1.0357,1.1158,1.1958,1.2709,1.3251,1.3707,1.3855,1.3559,1.2808,1.1601,1.0099,0.84483,0.68473,0.54557,0.43473,0.35468,0.29433,0.25493,0.2303,0.22044,0.21429,0.21429,0.21429,0.22044,0.22537,0.23522,0.24015,0.24507,0.25,0.25493,0.26478,0.27463,0.28448,0.30049,0.31034,0.3202,0.33498,0.34975,0.35468,0.35961,0.36453,0.37438,0.38054,0.38054,0.38547,0.38547,0.39039,0.39532,0.39532,0.39532,0.39532,0.40025,0.40025,0.40025,0.40517,0.4101,0.41502,0.41502,0.41995,0.41995,0.42488,0.42488,0.4298,0.4298,0.43473,0.43966,0.43966,0.44458,0.44458,0.44458,0.44951,0.45443,0.46059,0.46059,0.46059,0.46552,0.4803,0.49507,0.5,0.51478,0.55049,0.5702,0.58005,0.5702,0.56034,0.56034,0.56034,0.55542,0.54557,0.53448,0.51478,0.49015,0.47537,0.47044,0.47044,0.44951,0.4298,0.5,0.80049,1.436,2.0862,2.2155,1.5702,0.83498,0.47044,0.43966,0.5197,0.52956,0.5,0.4803,0.47044,0.47044,0.4803,0.49015,0.5,0.50985,0.52463,0.54064,0.55542,0.5702,0.5899,0.59483,0.60961,0.63054,0.65517,0.6798,0.71552,0.75,0.78571,0.83005,0.88547,0.95074,1.0308,1.1108,1.1909,1.2611,1.3202,1.3608,1.3707,1.3411,1.2549,1.1256,0.97537,0.80542,0.65025,0.5197,0.41502,0.3399,0.27956,0.24507,0.2303,0.22044,0.20443,0.20443,0.20443,0.20936,0.21429,0.22044,0.22537,0.23522,0.24507,0.25493,0.25985,0.26478,0.27463,0.28448,0.30049,0.31527,0.33005,0.33498,0.34483,0.34975,0.35961,0.36453,0.36946,0.37438,0.37438,0.38054,0.38054,0.38054,0.38547,0.39039,0.39039,0.39532,0.40025,0.40025,0.40517,0.40517,0.40517,0.4101,0.41502,0.41995,0.41995,0.41995,0.42488,0.4298,0.43473,0.43473,0.43473,0.43966,0.44458,0.44458,0.44458,0.44951,0.45443,0.46059,0.46059,0.46552,0.47537,0.49015,0.5,0.52463,0.55542,0.5702,0.57512,0.5702,0.56034,0.56034,0.56034,0.55049,0.54064,0.52956,0.50985,0.49015,0.48522,0.4803,0.47044,0.43966,0.42488,0.53448,0.9298,1.6305,2.1909,2.2315,1.3953,0.71059,0.43966,0.4803,0.52956,0.53448,0.49507,0.47537,0.47537,0.47537,0.48522,0.49015,0.50493,0.51478,0.52956,0.55049,0.56527,0.57512,0.5899,0.60468,0.62069,0.64039,0.6601,0.68473,0.71552,0.75,0.79064,0.8399,0.90517,0.97537,1.0505,1.1256,1.2057,1.2759,1.33,1.3658,1.3707,1.3202,1.2303,1.101,0.94581,0.78079,0.62069,0.49015,0.39039,0.3202,0.2697,0.23522,0.22044,0.20936,0.20443,0.20443,0.20443,0.20936,0.21429,0.22044,0.22537,0.2303,0.24507,0.25493,0.26478,0.27463,0.28941,0.29433,0.31034,0.3202,0.33005,0.34483,0.35468,0.35961,0.35961,0.35961,0.36946,0.37438,0.38054,0.38547,0.38547,0.38547,0.39039,0.39532,0.39532,0.39532,0.40025,0.40025,0.40517,0.40517,0.40517,0.4101,0.41502,0.41995,0.42488,0.42488,0.4298,0.43473,0.43966,0.4298,0.4298,0.43473,0.44458,0.44951,0.44951,0.44951,0.45443,0.46059,0.46552,0.46552,0.47044,0.47537,0.48522,0.5,0.5197,0.55049,0.57512,0.58498,0.5899,0.57512,0.5702,0.5702,0.56034,0.55049,0.54064,0.52956,0.50493,0.48522,0.47537,0.47537,0.46059,0.4298,0.47537,0.71552,1.2808,1.9754,2.2007,1.7352,0.99015,0.52463,0.45443,0.5197,0.54064,0.50985,0.49015,0.4803,0.4803,0.48522,0.49015,0.5,0.51478,0.52956,0.54557,0.55542,0.5702,0.58005,0.59483,0.61453,0.63054,0.65025,0.67488,0.70567,0.74015,0.78079,0.82512,0.87562,0.94089,1.0099,1.0899,1.1749,1.25,1.3103,1.3559,1.3707,1.3461,1.2759,1.1601,1.0099,0.84483,0.68473,0.55049,0.43473,0.34975,0.28941,0.25,0.2303,0.22044,0.20936,0.20936,0.20936,0.21429,0.22044,0.22537,0.2303,0.24015,0.25,0.25,0.25985,0.2697,0.28448,0.29433,0.31034,0.3202,0.32512,0.33498,0.34483,0.35468,0.35961,0.36946,0.38054,0.38547,0.38547,0.39532,0.39532,0.39532,0.39039,0.38547,0.39532,0.39532,0.40025,0.40025,0.40025,0.40025,0.40517,0.41502,0.41502,0.41995,0.41995,0.42488,0.42488,0.4298,0.43473,0.43966,0.43966,0.43966,0.43966,0.44458,0.44951,0.45443,0.46059,0.46552,0.46552,0.46552,0.47044,0.47537,0.49015,0.5,0.5197,0.55542,0.58005,0.5899,0.58005,0.57512,0.5702,0.56527,0.55542,0.54064,0.53448,0.52463,0.50493,0.48522,0.47537,0.47044,0.44951,0.4298,0.49015,0.78571,1.4212,2.0862,2.2315,1.601,0.86084,0.47537,0.43966,0.52956,0.54064,0.50493,0.49015,0.48522,0.48522,0.49015,0.49015,0.5,0.50985,0.52463,0.53448,0.55049,0.5702,0.58498,0.59975,0.62069,0.63547,0.65517,0.68473,0.71059,0.75,0.78571,0.83005,0.89039,0.95567,1.0259,1.1059,1.1909,1.266,1.3251,1.3608,1.3707,1.3411,1.2611,1.1404,0.99015,0.82512,0.66502,0.52956,0.41995,0.3399,0.27956,0.24015,0.22044,0.20936,0.20443,0.20443,0.20443,0.20443,0.20936,0.21429,0.22044,0.2303,0.24015,0.25,0.25493,0.26478,0.27463,0.28941,0.30049,0.31034,0.3202,0.33005,0.3399,0.34975,0.35961,0.35961,0.35961,0.36453,0.36453,0.37438,0.37438,0.37438,0.37438,0.38054,0.38054,0.38547,0.39039,0.39532,0.39532,0.39532,0.40025,0.40517,0.40517,0.40517,0.41502,0.41995,0.41995,0.41995,0.42488,0.42488,0.4298,0.4298,0.43473,0.43966,0.43966,0.43966,0.44458,0.45443,0.46059,0.46059,0.46059,0.46552,0.48522,0.49507,0.5197,0.55542,0.57512,0.57512,0.56527,0.55542,0.55542,0.55542,0.55049,0.54064,0.53448,0.51478,0.49015,0.47537,0.47044,0.47044,0.43966,0.42488,0.52463,0.90517,1.5961,2.1761,2.2315,1.436,0.75,0.45443,0.44458,0.52463,0.52956,0.49507,0.4803,0.47537,0.47537,0.4803,0.48522,0.49507,0.50985,0.52463,0.54557,0.56034,0.57512,0.58498,0.59975,0.62069,0.64039,0.66502,0.68473,0.71552,0.75,0.79557,0.8399,0.90025,0.97537,1.0505,1.1305,1.2106,1.2759,1.33,1.3608,1.3658,1.3103,1.2254,1.0948,0.94089,0.77463,0.62069,0.49015,0.39039,0.3202,0.2697,0.24015,0.22537,0.21429,0.20936,0.20936,0.20936,0.20936,0.22044,0.22537,0.2303,0.23522,0.24015,0.25,0.25985,0.27463,0.28941,0.29433,0.31034,0.3202,0.33498,0.3399,0.34975,0.35961,0.36946,0.37438,0.38054,0.38054,0.38547,0.39039,0.38547,0.38547,0.38547,0.39039,0.39532,0.39532,0.39532,0.40025,0.40517,0.4101,0.4101,0.41502,0.41995,0.42488,0.42488,0.42488,0.4298,0.43473,0.43473,0.43966,0.43966,0.44458,0.44951,0.44951,0.44951,0.44951,0.45443,0.46059,0.46552,0.46552,0.47044,0.47044,0.48522,0.5,0.50985,0.53448,0.5702,0.5899,0.5899,0.58005,0.5702,0.5702,0.5702,0.55542,0.54557,0.53448,0.5197,0.49507,0.48522,0.4803,0.47537,0.44951,0.43473,0.53448,0.89532,1.5813,2.1712,2.2414,1.4458,0.75,0.45443,0.44951,0.54064,0.54557,0.50493,0.49015,0.48522,0.48522,0.49015,0.5,0.51478,0.52463,0.52956,0.54064,0.55542,0.5702,0.58498,0.60468,0.62562,0.64532,0.66995,0.70074,0.72537,0.75985,0.79557,0.8399,0.90025,0.97044,1.0456,1.1305,1.2106,1.2808,1.3411,1.3756,1.3805,1.33,1.2451,1.1207,0.96552,0.80049,0.65025,0.5197,0.40517,0.32512,0.27463,0.24015,0.22044,0.20936,0.20936,0.20936,0.20936,0.21429,0.22044,0.22537,0.23522,0.24015,0.24507,0.25,0.25493,0.2697,0.27956,0.29433,0.31034,0.3202,0.33005,0.3399,0.34975,0.35961,0.36453,0.37438,0.38054,0.38054,0.38547,0.39532,0.39532,0.39532,0.39532,0.38547,0.38547,0.38547,0.39532,0.40025,0.40517,0.40517,0.41502,0.41995,0.41995,0.41995,0.41995,0.42488,0.4298,0.43966,0.43966,0.44458,0.44458,0.44951,0.44458,0.44458,0.44951,0.45443,0.45443,0.46059,0.46552,0.39039,0.39039,0.39039,0.39532,0.40025,0.40517,0.41502,0.41995,0.41502,0.40517,0.4101,0.41502,0.41995,0.42488,0.42488,0.4298,0.43473,0.43966,0.44458,0.44458,0.44458,0.44458,0.44951,0.45443,0.46059,0.46552,0.47537,0.48522,0.50493,0.54064,0.56527,0.57512,0.57512,0.5702,0.56034,0.56034,0.55542,0.54557,0.53448,0.51478,0.49507,0.4803,0.47537,0.47537,0.46552,0.43473,0.42488,0.62562,1.1355,1.8756,2.2512,1.8953,1.1355,0.57512,0.44458,0.50493,0.53448,0.51478,0.48522,0.47044,0.47044,0.47044,0.48522,0.49507,0.50985,0.5197,0.52956,0.54557,0.55542,0.56527,0.57512,0.59975,0.62562,0.64039,0.6601,0.68966,0.72537,0.75985,0.80542,0.86084,0.91995,0.99507,1.0751,1.1552,1.2254,1.2857,1.3411,1.3608,1.3461,1.2857,1.1749,1.0308,0.86576,0.70074,0.55049,0.43473,0.34975,0.28941,0.25,0.2303,0.22044,0.20443,0.20443,0.20443,0.20443,0.20936,0.21429,0.22044,0.22537,0.23522,0.24507,0.25493,0.26478,0.27463,0.28448,0.29433,0.31034,0.3202,0.33498,0.34483,0.35468,0.35961,0.36453,0.36946,0.37438,0.38054,0.38054,0.38054,0.38547,0.39039,0.39039,0.39039,0.39532,0.40025,0.40517,0.40517,0.4101,0.40517,0.40517,0.4101,0.41502,0.41995,0.41995,0.42488,0.42488,0.42488,0.42488,0.4298,0.43966,0.43966,0.43966,0.44458,0.44458,0.44951,0.45443,0.46059,0.47044,0.47537,0.48522,0.5,0.53448,0.5702,0.58498,0.58005,0.56527,0.56034,0.56034,0.55542,0.55049,0.54064,0.53448,0.50985,0.48522,0.47537,0.47537,0.46552,0.43473,0.42488,0.61453,1.1059,1.8313,2.2315,1.9212,1.181,0.60468,0.46059,0.51478,0.54557,0.52463,0.49507,0.4803,0.47537,0.47537,0.48522,0.49507,0.50493,0.52463,0.53448,0.55049,0.56034,0.57512,0.5899,0.60468,0.62562,0.64532,0.66995,0.70074,0.73522,0.7697,0.81527,0.86576,0.92488,1,1.0751,1.1601,1.2352,1.3005,1.3559,1.3805,1.3608,1.3054,1.2007,1.0554,0.89039,0.72537,0.58005,0.46059,0.36946,0.30049,0.25985,0.23522,0.22044,0.21429,0.22044,0.22044,0.22044,0.22537,0.2303,0.2303,0.23522,0.24507,0.25493,0.26478,0.27463,0.28941,0.29433,0.30049,0.31527,0.3202,0.33498,0.3399,0.34975,0.35961,0.36453,0.37438,0.37438,0.38054,0.38547,0.39039,0.38547,0.38547,0.38547,0.38547,0.39039,0.39532,0.40025,0.40517,0.40517,0.40517,0.4101,0.41502,0.41502,0.41502,0.41995,0.41995,0.42488,0.4298,0.43966,0.43966,0.43966,0.43966,0.43966,0.44458,0.44951,0.44951,0.45443,0.46059,0.46059,0.47044,0.48522,0.49507,0.51478,0.55049,0.57512,0.58005,0.5702,0.56527,0.56527,0.5702,0.55542,0.54557,0.53448,0.51478,0.49015,0.47537,0.47537,0.47044,0.44458,0.4298,0.5,0.81527,1.4754,2.1355,2.2611,1.5603,0.81527,0.46059,0.43966,0.53448,0.54557,0.50985,0.48522,0.47537,0.47537,0.4803,0.49015,0.50493,0.50985,0.52463,0.53448,0.55049,0.56527,0.58498,0.59975,0.62069,0.64039,0.6601,0.68473,0.72044,0.75,0.78571,0.83498,0.89532,0.96059,1.0357,1.1158,1.2007,1.2759,1.33,1.3658,1.3707,1.335,1.25,1.1256,0.97044,0.80049,0.64532,0.50985,0.4101,0.33005,0.27463,0.24015,0.22044,0.20936,0.20443,0.20443,0.20443,0.20936,0.22044,0.22537,0.2303,0.23522,0.24507,0.25,0.26478,0.27463,0.28448,0.29433,0.31034,0.31527,0.33005,0.3399,0.34975,0.35468,0.36453,0.37438,0.38054,0.38054,0.38547,0.38547,0.38547,0.39039,0.39532,0.39532,0.39532,0.39532,0.40025,0.40517,0.40517,0.40517,0.40517,0.41502,0.41995,0.41995,0.41995,0.41995,0.41995,0.42488,0.4298,0.43473,0.43966,0.43966,0.44458,0.44458,0.44951,0.44951,0.44951,0.45443,0.46059,0.47044,0.4803,0.49015,0.5197,0.56034,0.58005,0.58005,0.5702,0.56034,0.56034,0.55542,0.54557,0.53448,0.53448,0.51478,0.49015,0.47537,0.47044,0.46552,0.43966,0.42488,0.51478,0.86084,1.5406,2.1466,2.2266,1.4655,0.77463,0.47537,0.46059,0.52956,0.5197,0.49015,0.47044,0.47044,0.47044,0.47537,0.48522,0.49015,0.50493,0.5197,0.53448,0.55049,0.56034,0.57512,0.59483,0.61453,0.64039,0.66502,0.68966,0.71552,0.74507,0.78571,0.83498,0.89532,0.96059,1.0406,1.1207,1.2057,1.2759,1.33,1.3658,1.3805,1.33,1.2401,1.1059,0.95074,0.78079,0.62562,0.49507,0.39532,0.3202,0.27463,0.24015,0.22044,0.20443,0.19951,0.20443,0.20443,0.20936,0.22044,0.22537,0.22537,0.2303,0.24015,0.25,0.25985,0.2697,0.28448,0.28941,0.30049,0.31527,0.3202,0.33005,0.3399,0.34975,0.35961,0.35961,0.36453,0.36453,0.37438,0.36946,0.36453,0.36946,0.37438,0.38054,0.38547,0.39039,0.39532,0.40025,0.40025,0.40517,0.40517,0.40517,0.40517,0.4101,0.41995,0.42488,0.42488,0.42488,0.42488,0.42488,0.42488,0.43473,0.43966,0.44458,0.44458,0.44951,0.45443,0.45443,0.46059,0.46059,0.47044,0.49015,0.50493,0.53448,0.56527,0.58005,0.58005,0.57512,0.5702,0.5702,0.56034,0.54064,0.53448,0.52463,0.50493,0.48522,0.47537,0.47044,0.46552,0.43473,0.42488,0.58498,1.0406,1.766,2.2365,1.9963,1.266,0.64039,0.44458,0.49507,0.53448,0.52463,0.5,0.48522,0.4803,0.4803,0.48522,0.49015,0.50493,0.51478,0.52956,0.54064,0.55542,0.57512,0.5899,0.60961,0.63054,0.65517,0.6798,0.70567,0.7303,0.76478,0.80542,0.86576,0.91995,0.99015,1.0702,1.1552,1.2352,1.3054,1.3559,1.3805,1.3855,1.3202,1.2204,1.0751,0.9101,0.75,0.59975,0.47537,0.37438,0.30542,0.25985,0.2303,0.21429,0.20936,0.20936,0.20443,0.20936,0.21429,0.22044,0.22537,0.2303,0.24015,0.25,0.25985,0.2697,0.27956,0.28941,0.29433,0.30542,0.31527,0.33005,0.3399,0.34975,0.35961,0.37438,0.38054,0.38054,0.38054,0.38054,0.38547,0.39039,0.39532,0.39532,0.39532,0.39532,0.39532,0.39532,0.40025,0.40517,0.40517,0.4101,0.41502,0.41995,0.42488,0.42488,0.4298,0.4298,0.4298,0.4298,0.43473,0.43966,0.44458,0.44951,0.44951,0.45443,0.46059,0.46552,0.47044,0.47044,0.47537,0.48522,0.49507,0.5197,0.55542,0.57512,0.58005,0.57512,0.56527,0.56034,0.56527,0.56034,0.55049,0.53448,0.5197,0.49507,0.48522,0.4803,0.47537,0.44951,0.4298,0.51478,0.84483,1.5062,2.1355,2.2365,1.5308,0.8202,0.49015,0.47044,0.55049,0.53448,0.50493,0.48522,0.4803,0.4803,0.48522,0.49015,0.5,0.50985,0.52956,0.54064,0.55542,0.56527,0.58005,0.59975,0.62069,0.64532,0.66502,0.68966,0.72044,0.75493,0.80049,0.84483,0.9101,0.97537,1.0505,1.1305,1.2057,1.2808,1.3411,1.3756,1.3855,1.3461,1.2611,1.1305,0.97044,0.80049,0.64532,0.5197,0.4101,0.33498,0.27956,0.24507,0.22537,0.20936,0.20936,0.20936,0.20936,0.21429,0.22044,0.22044,0.22537,0.2303,0.24015,0.25,0.26478,0.27463,0.28448,0.28941,0.30049,0.31527,0.3202,0.33005,0.3399,0.34975,0.35961,0.36453,0.36946,0.37438,0.38054,0.37438,0.37438,0.38054,0.38547,0.39039,0.39532,0.39532,0.40025,0.40025,0.40025,0.40025,0.40517,0.4101,0.41502,0.41995,0.41995,0.42488,0.42488,0.43473,0.43966,0.44458,0.44458,0.44458,0.44458,0.44951,0.45443,0.46059,0.46059,0.46552,0.47044,0.46552,0.47044,0.48522,0.49507,0.50985,0.54557,0.57512,0.5899,0.58498,0.57512,0.5702,0.5702,0.56034,0.55049,0.54064,0.52463,0.50493,0.49507,0.49015,0.48522,0.46552,0.43473,0.4298,0.6798,1.2352,1.9557,2.2463,1.8214,1.0554,0.54064,0.45443,0.51478,0.54064,0.5197,0.49507,0.48522,0.4803,0.4803,0.49015,0.49507,0.50985,0.52463,0.54064,0.55542,0.56527,0.57512,0.5899,0.60468,0.62562,0.65025,0.6798,0.71059,0.74015,0.78571,0.83005,0.88054,0.94089,1.0099,1.0948,1.181,1.2611,1.3202,1.3658,1.3855,1.3658,1.3054,1.1909,1.0357,0.87069,0.71059,0.56527,0.44458,0.35468,0.29433,0.25,0.22537,0.21429,0.20936,0.20936,0.20936,0.20936,0.22044,0.22537,0.2303,0.2303,0.24015,0.24507,0.25493,0.2697,0.28448,0.28941,0.30049,0.31527,0.32512,0.33498,0.34975,0.35961,0.36453,0.37438,0.37438,0.38054,0.38054,0.38547,0.38547,0.39532,0.39532,0.39039,0.39532,0.40025,0.40025,0.40517,0.40517,0.40517,0.4101,0.41502,0.41995,0.42488,0.42488,0.4298,0.43473,0.43473,0.43966,0.43966,0.43966,0.43966,0.44458,0.44951,0.44951,0.44951,0.45443,0.46552,0.47044,0.46552,0.47044,0.47044,0.47537,0.49015,0.5,0.5197,0.56034,0.58498,0.5899,0.58005,0.5702,0.56527,0.5702,0.56527,0.54557,0.53448,0.52956,0.50493,0.48522,0.4803,0.47537,0.46059,0.4298,0.46552,0.70074,1.2709,1.9754,2.2266,1.7759,1.0308,0.56034,0.48522,0.53448,0.54557,0.5197,0.48522,0.47044,0.47044,0.4803,0.49015,0.5,0.50985,0.5197,0.52956,0.54557,0.56527,0.58005,0.59975,0.61453,0.63054,0.65517,0.68473,0.71059,0.74507,0.40517,0.4101,0.41502,0.41502,0.41995,0.41995,0.4298,0.43473,0.43473,0.43473,0.43473,0.44458,0.44458,0.43966,0.43966,0.44458,0.44951,0.46059,0.46552,0.46552,0.46552,0.46552,0.47044,0.48522,0.5,0.52463,0.55542,0.58005,0.58498,0.57512,0.56527,0.56034,0.56034,0.56527,0.55049,0.54557,0.52956,0.50493,0.48522,0.4803,0.47537,0.45443,0.4298,0.49507,0.79064,1.4261,2.0862,2.2266,1.6059,0.88054,0.50985,0.47044,0.54557,0.55049,0.50493,0.48522,0.47537,0.47537,0.48522,0.49507,0.50493,0.50985,0.52463,0.54557,0.56034,0.57512,0.58498,0.59975,0.61453,0.64039,0.6601,0.68473,0.71059,0.74507,0.78571,0.83005,0.89039,0.95567,1.0259,1.1059,1.186,1.266,1.33,1.3756,1.3904,1.3658,1.2906,1.1749,1.0308,0.86576,0.70567,0.55542,0.43966,0.35468,0.29433,0.25493,0.2303,0.21429,0.20443,0.20443,0.20936,0.21429,0.22044,0.22537,0.2303,0.24015,0.25,0.25493,0.26478,0.2697,0.28448,0.29433,0.30049,0.30542,0.31527,0.33005,0.3399,0.34975,0.35468,0.35961,0.36453,0.36453,0.37438,0.38054,0.38054,0.38547,0.38547,0.38547,0.38547,0.39532,0.39532,0.39532,0.39532,0.40025,0.4101,0.41502,0.41502,0.41502,0.41502,0.41995,0.4298,0.4298,0.4298,0.43473,0.43966,0.44458,0.44951,0.44951,0.44951,0.44951,0.46059,0.46059,0.46059,0.46059,0.46552,0.47044,0.4803,0.49507,0.50985,0.52956,0.56527,0.58005,0.58498,0.58005,0.5702,0.5702,0.57512,0.5702,0.55542,0.54557,0.52463,0.5,0.49015,0.49015,0.49015,0.46552,0.43966,0.50985,0.83498,1.5111,2.1515,2.2611,1.5406,0.8202,0.48522,0.46059,0.54557,0.55049,0.50985,0.49015,0.48522,0.49015,0.49507,0.50493,0.50985,0.52463,0.53448,0.54557,0.55542,0.5702,0.5899,0.60961,0.63054,0.64532,0.66995,0.69458,0.72537,0.75493,0.79557,0.8399,0.89532,0.96059,1.0357,1.1158,1.2057,1.2759,1.33,1.3756,1.3855,1.3559,1.2808,1.1552,1.0049,0.8399,0.6798,0.54064,0.42488,0.34483,0.28448,0.24507,0.22044,0.21429,0.21429,0.21429,0.20936,0.20936,0.20936,0.22044,0.22537,0.2303,0.24015,0.25,0.25493,0.2697,0.27956,0.29433,0.30542,0.31527,0.32512,0.3399,0.35468,0.35961,0.36453,0.37438,0.37438,0.37438,0.37438,0.38054,0.38547,0.39039,0.39039,0.38547,0.38547,0.39532,0.39532,0.39532,0.40025,0.40517,0.4101,0.41502,0.41502,0.41995,0.42488,0.42488,0.42488,0.4298,0.43473,0.43966,0.44458,0.43966,0.43966,0.44458,0.44951,0.46059,0.46552,0.46552,0.46552,0.46552,0.47044,0.47537,0.49015,0.5,0.52463,0.56527,0.5899,0.59483,0.58498,0.5702,0.5702,0.5702,0.56034,0.55542,0.55049,0.52956,0.50493,0.48522,0.48522,0.4803,0.45443,0.43473,0.52956,0.88547,1.5702,2.1663,2.2414,1.4803,0.79557,0.5,0.48522,0.54557,0.52956,0.5,0.48522,0.47537,0.4803,0.48522,0.49015,0.49507,0.50985,0.52463,0.54064,0.56034,0.57512,0.58498,0.59483,0.61453,0.63547,0.6601,0.68966,0.71552,0.74507,0.78571,0.83498,0.89532,0.96552,1.0406,1.1158,1.1958,1.2709,1.33,1.3756,1.3855,1.351,1.2709,1.1453,0.99015,0.82512,0.66995,0.54064,0.4298,0.34483,0.28448,0.24507,0.22044,0.21429,0.20936,0.20443,0.20443,0.20936,0.22044,0.22044,0.22537,0.2303,0.24015,0.25,0.25985,0.2697,0.28448,0.29433,0.30049,0.31034,0.3202,0.33498,0.3399,0.35468,0.35961,0.36453,0.36453,0.36946,0.37438,0.37438,0.38054,0.38054,0.38054,0.38054,0.38547,0.39039,0.39532,0.39532,0.40025,0.40517,0.41502,0.41502,0.41995,0.41995,0.41995,0.42488,0.42488,0.42488,0.42488,0.4298,0.43473,0.43966,0.44458,0.44951,0.44951,0.45443,0.46059,0.46552,0.46552,0.47537,0.49015,0.49507,0.5197,0.55542,0.58005,0.58005,0.5702,0.56527,0.56034,0.56527,0.56034,0.55049,0.54064,0.52463,0.50493,0.49015,0.48522,0.47537,0.46059,0.4298,0.49015,0.77463,1.4002,2.0714,2.2266,1.6453,0.89532,0.48522,0.43966,0.52956,0.54064,0.50985,0.48522,0.47537,0.47537,0.48522,0.49015,0.50493,0.51478,0.52956,0.55049,0.56527,0.5702,0.58005,0.59483,0.61453,0.63547,0.65517,0.6798,0.71059,0.74507,0.78571,0.83005,0.88547,0.94581,1.0209,1.1059,1.186,1.2611,1.3251,1.3756,1.3904,1.3559,1.2857,1.165,1.0148,0.84483,0.68473,0.54557,0.4298,0.34483,0.27956,0.24015,0.22044,0.20936,0.20443,0.20443,0.20443,0.20936,0.22044,0.22044,0.22044,0.2303,0.24015,0.25,0.25985,0.2697,0.27463,0.28448,0.29433,0.31034,0.3202,0.33005,0.34483,0.35468,0.35961,0.36946,0.37438,0.38054,0.38054,0.38054,0.38547,0.38054,0.38054,0.38054,0.39039,0.39532,0.39532,0.39532,0.39532,0.40517,0.40517,0.40517,0.4101,0.4101,0.41502,0.42488,0.4298,0.4298,0.4298,0.43473,0.43966,0.44458,0.44458,0.44458,0.44458,0.44951,0.45443,0.46059,0.46059,0.47044,0.49015,0.5,0.51478,0.55049,0.57512,0.58498,0.57512,0.56034,0.55542,0.55542,0.55049,0.54064,0.53448,0.5197,0.49015,0.47537,0.47044,0.47044,0.44951,0.42488,0.49507,0.79557,1.431,2.0813,2.2217,1.601,0.87562,0.50493,0.46552,0.54064,0.54557,0.50493,0.48522,0.47537,0.47537,0.47537,0.48522,0.49015,0.50493,0.51478,0.52956,0.55049,0.56527,0.58498,0.59483,0.60961,0.63547,0.6601,0.68473,0.71552,0.74507,0.78079,0.82512,0.88547,0.95567,1.0259,1.101,1.186,1.266,1.3251,1.3658,1.3805,1.351,1.2808,1.1601,1.0099,0.8399,0.6798,0.54557,0.4298,0.34483,0.28448,0.24507,0.22537,0.20936,0.20936,0.20936,0.20936,0.20936,0.20936,0.22044,0.2303,0.23522,0.24507,0.25,0.26478,0.2697,0.27463,0.28448,0.29433,0.31034,0.3202,0.33498,0.3399,0.34975,0.35961,0.36453,0.36453,0.36946,0.37438,0.37438,0.37438,0.37438,0.38054,0.38547,0.39039,0.38547,0.38547,0.38547,0.39532,0.40025,0.40517,0.4101,0.41502,0.41502,0.41995,0.42488,0.42488,0.4298,0.43473,0.43966,0.43966,0.43966,0.43966,0.44458,0.44458,0.44951,0.46059,0.45443,0.45443,0.46059,0.47044,0.48522,0.5,0.52956,0.56527,0.58005,0.58005,0.5702,0.56527,0.56527,0.5702,0.55542,0.54064,0.52463,0.50493,0.49015,0.48522,0.4803,0.46552,0.43473,0.4298,0.5899,1.0456,1.7808,2.2512,1.9865,1.2401,0.61453,0.43966,0.5,0.54064,0.52463,0.5,0.49015,0.48522,0.48522,0.48522,0.49507,0.50985,0.52463,0.53448,0.54557,0.56034,0.57512,0.59483,0.60961,0.62562,0.64532,0.66502,0.70074,0.7303,0.76478,0.80542,0.85468,0.91502,0.99015,1.0653,1.1453,1.2254,1.2906,1.3461,1.3707,1.3756,1.3202,1.2254,1.0899,0.9298,0.7697,0.61453,0.48522,0.38547,0.31527,0.26478,0.24015,0.22044,0.20936,0.20936,0.21429,0.21429,0.20936,0.21429,0.22537,0.2303,0.24015,0.25,0.25493,0.2697,0.27463,0.28448,0.29433,0.31034,0.32512,0.33498,0.3399,0.34975,0.35961,0.36453,0.37438,0.38054,0.38054,0.38547,0.38547,0.38054,0.38054,0.38547,0.39532,0.39532,0.40025,0.40025,0.40517,0.40517,0.40517,0.4101,0.41502,0.41995,0.41995,0.42488,0.42488,0.4298,0.43473,0.43966,0.43966,0.44458,0.43966,0.44458,0.44458,0.44951,0.45443,0.45443,0.46059,0.46059,0.46552,0.47044,0.4803,0.49507,0.50493,0.52956,0.5702,0.5899,0.59483,0.58005,0.5702,0.5702,0.56527,0.55542,0.54064,0.53448,0.51478,0.49015,0.48522,0.4803,0.47044,0.44458,0.4298,0.55542,0.95567,1.6663,2.1958,2.2217,1.3707,0.72537,0.4803,0.50985,0.55049,0.52956,0.5,0.48522,0.4803,0.4803,0.48522,0.49015,0.5,0.50985,0.52956,0.54557,0.55542,0.57512,0.5899,0.59975,0.62069,0.64039,0.6601,0.68473,0.72044,0.75493,0.80049,0.84975,0.9101,0.9803,1.0505,1.1305,1.2106,1.2808,1.335,1.3756,1.3805,1.3411,1.2549,1.1256,0.96552,0.79557,0.64039,0.50985,0.40517,0.33005,0.27463,0.24015,0.22537,0.22044,0.21429,0.20936,0.20936,0.22044,0.22044,0.22537,0.2303,0.24015,0.24507,0.25493,0.26478,0.2697,0.27956,0.28941,0.30049,0.31034,0.3202,0.33005,0.3399,0.34975,0.35468,0.36453,0.37438,0.37438,0.37438,0.38054,0.38547,0.38547,0.38547,0.39532,0.39532,0.40025,0.40025,0.40025,0.40025,0.40517,0.40517,0.4101,0.41502,0.41995,0.42488,0.42488,0.4298,0.43473,0.43966,0.43473,0.43966,0.43966,0.43966,0.44458,0.44951,0.46059,0.46552,0.46552,0.46552,0.46552,0.47044,0.48522,0.50493,0.5197,0.54557,0.5702,0.58005,0.58005,0.5702,0.5702,0.5702,0.57512,0.55049,0.53448,0.52463,0.50493,0.48522,0.47537,0.47537,0.46552,0.43473,0.4298,0.6798,1.2401,1.9655,2.2414,1.7857,1.0148,0.5197,0.44458,0.5197,0.54064,0.51478,0.49507,0.49015,0.48522,0.48522,0.49015,0.50493,0.51478,0.52956,0.54557,0.55542,0.5702,0.58498,0.59975,0.61453,0.63547,0.65517,0.6798,0.70567,0.74015,1.3559,1.2857,1.17,1.0259,0.86576,0.70567,0.56527,0.44458,0.35961,0.30049,0.25985,0.24015,0.22537,0.20936,0.20936,0.21429,0.21429,0.21429,0.22044,0.22537,0.23522,0.24507,0.25493,0.26478,0.27463,0.28448,0.29433,0.30049,0.31527,0.33005,0.3399,0.35468,0.36453,0.36946,0.37438,0.38054,0.38054,0.38054,0.38547,0.38547,0.39039,0.39532,0.39532,0.39532,0.39532,0.40025,0.40025,0.40517,0.40517,0.4101,0.41502,0.41502,0.42488,0.4298,0.42488,0.42488,0.42488,0.42488,0.42488,0.43966,0.44458,0.44458,0.44458,0.44458,0.44951,0.45443,0.46059,0.46059,0.47044,0.4803,0.49507,0.50985,0.54064,0.5702,0.58005,0.58498,0.57512,0.57512,0.57512,0.56527,0.54557,0.53448,0.52956,0.50985,0.49507,0.48522,0.4803,0.46552,0.43473,0.42488,0.63054,1.1355,1.8461,2.2155,1.8805,1.1453,0.58498,0.44951,0.50493,0.53448,0.5197,0.49015,0.4803,0.4803,0.48522,0.49015,0.50493,0.51478,0.52463,0.54064,0.55542,0.56034,0.57512,0.5899,0.60468,0.63054,0.65025,0.67488,0.70074,0.7303,0.76478,0.81527,0.86084,0.91995,0.99015,1.0702,1.1552,1.2303,1.3005,1.351,1.3707,1.3559,1.2906,1.186,1.0357,0.87069,0.71059,0.5702,0.44951,0.36453,0.30049,0.25985,0.23522,0.22044,0.21429,0.20936,0.20936,0.20936,0.22044,0.22537,0.22537,0.2303,0.24015,0.25,0.26478,0.2697,0.27956,0.28941,0.30049,0.31034,0.32512,0.33498,0.34483,0.35468,0.35961,0.36946,0.38054,0.38054,0.38547,0.38547,0.38547,0.38547,0.38547,0.39039,0.39532,0.40025,0.40025,0.40025,0.40025,0.40517,0.4101,0.4101,0.41502,0.41502,0.41995,0.41995,0.42488,0.4298,0.43473,0.43966,0.44458,0.44458,0.44458,0.44458,0.44458,0.44951,0.46059,0.46552,0.46552,0.46552,0.4803,0.49015,0.50985,0.54557,0.5702,0.58005,0.58498,0.5702,0.56527,0.56527,0.56034,0.55049,0.54064,0.52463,0.50493,0.48522,0.47537,0.47537,0.46059,0.4298,0.46059,0.66995,1.2155,1.931,2.2315,1.8153,1.0505,0.52463,0.43966,0.51478,0.54064,0.5197,0.49507,0.49015,0.48522,0.49015,0.49507,0.5,0.50985,0.5197,0.53448,0.55542,0.5702,0.58005,0.59483,0.60961,0.63547,0.65517,0.67488,0.70074,0.73522,0.7697,0.81527,0.86576,0.9298,1.0049,1.085,1.165,1.2401,1.3054,1.3461,1.3658,1.3461,1.2808,1.165,1.0209,0.86084,0.70074,0.55542,0.44458,0.35468,0.29433,0.25493,0.22537,0.21429,0.20936,0.20443,0.20443,0.20443,0.20936,0.21429,0.22537,0.23522,0.24015,0.24507,0.25,0.25985,0.2697,0.28448,0.29433,0.31034,0.32512,0.33498,0.34483,0.34975,0.35961,0.36453,0.36946,0.37438,0.38054,0.38547,0.38547,0.39039,0.39039,0.39532,0.40025,0.39532,0.39532,0.39532,0.40025,0.40517,0.40517,0.40517,0.4101,0.4101,0.41502,0.41995,0.42488,0.4298,0.43473,0.43966,0.43966,0.44458,0.44951,0.45443,0.46059,0.46059,0.45443,0.45443,0.46059,0.46552,0.4803,0.49015,0.50493,0.54064,0.5702,0.58498,0.5899,0.5702,0.56527,0.56527,0.56034,0.55049,0.54064,0.52956,0.50493,0.48522,0.47537,0.47044,0.46059,0.42488,0.41995,0.61453,1.1059,1.8214,2.2217,1.9163,1.165,0.58498,0.43966,0.50493,0.54064,0.5197,0.49507,0.48522,0.4803,0.4803,0.48522,0.49507,0.50985,0.52956,0.54064,0.55542,0.56527,0.57512,0.59483,0.60961,0.63054,0.64532,0.67488,0.70074,0.7303,0.7697,0.81034,0.86084,0.91995,1,1.0751,1.1601,1.2352,1.3005,1.351,1.3707,1.3559,1.3005,1.1909,1.0456,0.88054,0.72044,0.57512,0.46059,0.37438,0.31034,0.26478,0.23522,0.22044,0.20936,0.20936,0.20936,0.22044,0.22044,0.22537,0.2303,0.24015,0.24507,0.25,0.25493,0.26478,0.27956,0.28941,0.30049,0.31527,0.32512,0.3399,0.34975,0.35468,0.35961,0.36453,0.37438,0.38054,0.38547,0.39039,0.39532,0.39532,0.39532,0.39532,0.39532,0.39532,0.39532,0.40025,0.40025,0.40517,0.40517,0.4101,0.41502,0.41995,0.41995,0.41995,0.42488,0.4298,0.4298,0.43473,0.43966,0.43966,0.44458,0.44458,0.44951,0.45443,0.46059,0.46552,0.46552,0.46552,0.47044,0.47537,0.49015,0.50985,0.5197,0.54557,0.57512,0.5899,0.5899,0.58005,0.57512,0.57512,0.57512,0.56034,0.55049,0.54064,0.5197,0.49507,0.49015,0.48522,0.47044,0.44458,0.43966,0.60468,1.0603,1.7906,2.2562,1.9963,1.2401,0.61453,0.43966,0.50493,0.55049,0.52956,0.50493,0.49015,0.49015,0.49015,0.49507,0.50493,0.51478,0.52463,0.54557,0.56034,0.5702,0.57512,0.5899,0.61453,0.63547,0.65517,0.67488,0.70074,0.7303,0.7697,0.81527,0.86084,0.91995,0.99015,1.0653,1.1453,1.2204,1.2857,1.335,1.3608,1.3658,1.3103,1.2155,1.0751,0.9101,0.74507,0.59483,0.47044,0.37438,0.30542,0.26478,0.23522,0.22044,0.20936,0.20936,0.20936,0.20936,0.20936,0.20936,0.22044,0.22537,0.2303,0.24507,0.26478,0.2697,0.27463,0.28448,0.29433,0.30542,0.3202,0.33498,0.34483,0.35468,0.36453,0.36946,0.37438,0.38054,0.38054,0.38547,0.38547,0.39039,0.39039,0.39532,0.39532,0.39532,0.39532,0.40025,0.40025,0.40517,0.40517,0.4101,0.41502,0.41995,0.42488,0.42488,0.42488,0.4298,0.4298,0.43966,0.43966,0.43966,0.43966,0.44458,0.44458,0.44951,0.45443,0.46059,0.46552,0.46552,0.47537,0.49015,0.5,0.52463,0.55542,0.57512,0.58005,0.57512,0.5702,0.5702,0.5702,0.55542,0.54557,0.53448,0.5197,0.49507,0.48522,0.48522,0.47537,0.44951,0.43473,0.53448,0.90517,1.5961,2.1761,2.2315,1.4212,0.7303,0.44951,0.4803,0.53448,0.52463,0.5,0.48522,0.4803,0.4803,0.48522,0.49507,0.50493,0.51478,0.52956,0.54557,0.56034,0.5702,0.58498,0.60468,0.62069,0.64039,0.6601,0.68473,0.72044,0.75,0.79064,0.8399,0.89532,0.96552,1.0456,1.1305,1.2057,1.2759,1.33,1.3608,1.3707,1.3153,1.2254,1.0948,0.93473,0.76478,0.60961,0.4803,0.38547,0.31527,0.2697,0.24015,0.22537,0.21429,0.20936,0.20936,0.20936,0.21429,0.22044,0.22537,0.2303,0.24015,0.25,0.25493,0.26478,0.27463,0.28941,0.30049,0.31034,0.31527,0.33005,0.3399,0.34975,0.35961,0.36453,0.37438,0.37438,0.38054,0.38054,0.38547,0.39039,0.39532,0.39532,0.39039,0.39039,0.39532,0.39532,0.40025,0.40517,0.40517,0.4101,0.41502,0.41995,0.42488,0.41995,0.42488,0.42488,0.4298,0.4298,0.43966,0.44458,0.44458,0.44458,0.44951,0.44458,0.44458,0.44951,0.45443,0.46059,0.47044,0.48522,0.5,0.52463,0.55542,0.57512,0.58005,0.57512,0.5702,0.56527,0.56034,0.55049,0.53448,0.52956,0.50493,0.4803,0.47044,0.47044,0.46552,0.43966,0.4298,0.56034,0.97537,1.7007,2.2155,2.2217,1.3103,0.6601,0.4298,0.4803,0.52956,0.53448,0.5,0.48522,0.4803,0.4803,0.48522,0.49015,0.5,0.50985,0.52463,0.54064,0.55542,0.57512,0.5899,0.59975,0.62069,0.64039,0.66502,0.68966,0.72537,0.75493,0.79557,0.84975,0.9101,0.9803,1.0554,1.1355,1.2155,1.2759,1.33,1.3608,1.3658,1.3103,1.2155,1.08,0.91995,0.75493,0.60468,0.47537,0.38054,0.30542,0.25985,0.23522,0.22044,0.20936,0.20936,0.20936,0.20443,0.20443,0.20936,0.22044,0.22537,0.24015,0.24507,0.25493,0.26478,0.27463,0.28448,0.29433,0.31034,0.3202,0.33498,0.3399,0.35468,0.35961,0.36946,0.37438,0.38054,0.38054,0.38054,0.38054,0.38547,0.38547,0.38547,0.39532,0.40025,0.40517,0.40517,0.40517,0.40025,0.40025,0.40517,0.4101,0.41502,0.41995,0.42488,0.43473,0.43966,0.43966,0.4298,0.4298,0.43473,0.43966,0.44458,0.44458,0.44951,0.44951,0.44951,0.46059,0.46059,0.46059,0.47044,0.48522,0.50493,0.53448,0.5702,0.58498,0.58005,0.5702,0.56527,0.56034,0.55542,0.54064,0.53448,0.52956,0.50985,0.49015,0.47537,0.47537,0.46552,0.43473,0.42488,0.58498,1.0259,1.7414,2.2155,1.9963,1.2709,0.64039,0.43966,0.49507,0.53448,0.5197,0.48522,0.47044,0.47044,0.47537,0.48522,0.49507,0.50493,0.51478,0.52956,0.54557,0.56034,0.57512,0.5899,0.60468,0.62069,0.64532,0.67488,0.70074,0.7303,0.75493,0.80049,0.84975,0.91502,0.98522,1.0653,1.1453,1.2204,1.2857,1.3411,1.3608,1.351,1.2956,1.1909,1.0505,0.89039,0.7303,0.58498,0.46552,0.37438,0.30542,0.26478,0.23522,0.20936,0.20936,0.20936,0.20936,0.21429,0.21429,0.22044,0.22537,0.2303,0.24015,0.24507,0.25985,0.2697,0.27956,0.28941,0.29433,0.31034,0.3202,0.33498,0.34975,0.35961,0.36453,0.36946,0.37438,0.38054,0.38547,0.39039,0.38547,0.38547,0.38547,0.38547,0.39039,0.39532,0.39532,0.40025,0.40025,0.40517,0.40517,0.4101,0.41502,0.41995,0.41995,0.41995,0.42488,0.42488,0.4298,0.43473,0.43473,0.43966,0.43966,0.44458,0.44458,0.44951,0.45443,0.45443,0.45443,0.46059,0.47537,0.49015,0.50985,0.54557,0.56527,0.57512,0.58005,0.56034,0.55542,0.55542,0.55049,0.2303,0.24015,0.24507,0.25493,0.25985,0.2697,0.28448,0.28941,0.30049,0.31034,0.3202,0.32512,0.33498,0.34483,0.35468,0.35961,0.36453,0.36453,0.36946,0.37438,0.38054,0.38547,0.38547,0.38547,0.38547,0.39039,0.39532,0.40025,0.40517,0.40517,0.4101,0.41502,0.41502,0.41995,0.41995,0.41995,0.42488,0.4298,0.43473,0.43966,0.43966,0.44458,0.44458,0.44951,0.44951,0.44951,0.44951,0.46059,0.46552,0.47044,0.47044,0.47044,0.47537,0.48522,0.49507,0.50985,0.53448,0.56527,0.58005,0.5899,0.58005,0.57512,0.5702,0.56527,0.55542,0.54557,0.53448,0.51478,0.49015,0.48522,0.47537,0.47044,0.44458,0.43966,0.58498,1.0209,1.7303,2.2155,2.0012,1.2709,0.63547,0.44458,0.5,0.54064,0.52463,0.5,0.48522,0.48522,0.48522,0.49507,0.50493,0.51478,0.52956,0.54064,0.55049,0.56527,0.58005,0.59483,0.61453,0.63054,0.64532,0.67488,0.70074,0.7303,0.76478,0.80049,0.84975,0.9101,0.9803,1.0505,1.1305,1.2106,1.2759,1.33,1.3658,1.3707,1.3251,1.2352,1.101,0.94581,0.78079,0.63054,0.50493,0.40517,0.33005,0.27956,0.24507,0.22537,0.22044,0.21429,0.20936,0.20936,0.20936,0.22044,0.22537,0.22537,0.24015,0.25,0.25493,0.26478,0.27463,0.28448,0.29433,0.31034,0.3202,0.33005,0.34483,0.35468,0.35961,0.36453,0.36946,0.38054,0.38054,0.38054,0.38054,0.38547,0.38547,0.39039,0.39039,0.39039,0.39039,0.39532,0.39532,0.40025,0.40025,0.40517,0.40517,0.41502,0.41995,0.42488,0.4298,0.4298,0.4298,0.42488,0.4298,0.43966,0.44458,0.44458,0.44458,0.44951,0.44951,0.45443,0.46059,0.46059,0.46552,0.47044,0.48522,0.5,0.52463,0.56527,0.58498,0.5899,0.58005,0.5702,0.56034,0.56034,0.55049,0.54064,0.53448,0.52463,0.5,0.4803,0.47537,0.47537,0.45443,0.4298,0.50493,0.82512,1.4704,2.0911,2.1958,1.5357,0.83005,0.49015,0.46552,0.53448,0.54064,0.5,0.48522,0.47044,0.47044,0.4803,0.49015,0.50493,0.51478,0.52956,0.54557,0.56034,0.57512,0.58498,0.59975,0.61453,0.63547,0.6601,0.68473,0.71059,0.75,0.79064,0.83498,0.88547,0.95567,1.0308,1.1108,1.186,1.2611,1.3202,1.3608,1.3756,1.3461,1.2709,1.1502,0.99507,0.83005,0.67488,0.54064,0.4298,0.34483,0.28941,0.25,0.2303,0.22537,0.22044,0.22044,0.22044,0.22537,0.2303,0.23522,0.23522,0.24015,0.25,0.25493,0.26478,0.2697,0.27956,0.28941,0.30542,0.3202,0.33005,0.33498,0.34483,0.35468,0.35961,0.37438,0.38054,0.38547,0.38547,0.38547,0.38547,0.38547,0.39039,0.39532,0.39532,0.40025,0.40025,0.40517,0.4101,0.41502,0.41995,0.41995,0.41995,0.41995,0.42488,0.4298,0.43473,0.43966,0.43966,0.44458,0.44951,0.44951,0.44951,0.45443,0.46059,0.46059,0.46059,0.46552,0.46552,0.47044,0.47537,0.49015,0.49507,0.50985,0.54557,0.57512,0.5899,0.5899,0.58005,0.57512,0.57512,0.56527,0.55049,0.54064,0.52463,0.50493,0.48522,0.47537,0.47537,0.46059,0.43966,0.47537,0.70074,1.2759,1.9914,2.2315,1.7414,0.96552,0.5,0.43473,0.5197,0.54064,0.51478,0.49015,0.49015,0.49015,0.49015,0.49507,0.49507,0.50985,0.52463,0.54557,0.55542,0.5702,0.58498,0.59975,0.61453,0.63547,0.65517,0.6798,0.71059,0.74015,0.78079,0.8202,0.87069,0.93473,1.0099,1.0899,1.165,1.2352,1.2906,1.3411,1.3608,1.3461,1.2857,1.181,1.0357,0.87562,0.71059,0.5702,0.45443,0.36453,0.30049,0.25985,0.23522,0.22044,0.22044,0.22044,0.21429,0.21429,0.22044,0.22044,0.22044,0.22537,0.23522,0.24507,0.25493,0.26478,0.27956,0.28941,0.30542,0.31527,0.33005,0.33498,0.34483,0.34975,0.35961,0.36453,0.36453,0.36946,0.37438,0.38547,0.39532,0.38547,0.38547,0.38547,0.38547,0.38547,0.39039,0.39532,0.39532,0.40025,0.4101,0.41502,0.41502,0.41502,0.41502,0.41995,0.41995,0.42488,0.42488,0.4298,0.43473,0.44458,0.44951,0.44458,0.44458,0.44458,0.44951,0.45443,0.46059,0.46059,0.46059,0.46552,0.4803,0.49507,0.50493,0.52463,0.55542,0.57512,0.58005,0.57512,0.56527,0.56527,0.5702,0.55542,0.54557,0.53448,0.51478,0.49015,0.4803,0.47537,0.47044,0.44458,0.4298,0.54557,0.9298,1.6256,2.1712,2.2007,1.3707,0.72044,0.47044,0.5,0.53448,0.52463,0.5,0.48522,0.47537,0.47537,0.4803,0.49015,0.50493,0.5197,0.52956,0.54064,0.55542,0.5702,0.58498,0.59975,0.62069,0.64039,0.66502,0.68473,0.71059,0.74507,0.78571,0.83005,0.89039,0.96059,1.0406,1.1158,1.1958,1.266,1.3251,1.3559,1.3658,1.3202,1.2401,1.1158,0.96059,0.80049,0.64039,0.50985,0.40517,0.32512,0.27463,0.24015,0.22044,0.20936,0.20443,0.20443,0.20936,0.22044,0.22537,0.2303,0.2303,0.24015,0.24507,0.25493,0.26478,0.27463,0.28448,0.29433,0.31034,0.31527,0.33005,0.33498,0.34483,0.35468,0.35961,0.36946,0.37438,0.37438,0.37438,0.38547,0.39039,0.38547,0.38547,0.38547,0.38547,0.39039,0.39532,0.40025,0.40025,0.40025,0.40517,0.4101,0.41502,0.41995,0.41995,0.41995,0.42488,0.4298,0.4298,0.43473,0.43473,0.43966,0.44458,0.44951,0.44951,0.45443,0.45443,0.45443,0.45443,0.46059,0.46059,0.47044,0.48522,0.5,0.52463,0.56034,0.58005,0.58005,0.57512,0.5702,0.5702,0.5702,0.55542,0.54064,0.52956,0.50985,0.49015,0.4803,0.4803,0.47537,0.45443,0.43966,0.55542,0.95074,1.6552,2.2007,2.2217,1.335,0.66502,0.43473,0.48522,0.54064,0.52956,0.5,0.48522,0.48522,0.48522,0.48522,0.49015,0.50493,0.51478,0.52956,0.55049,0.56527,0.57512,0.5899,0.60468,0.62562,0.64532,0.66502,0.69458,0.72044,0.75,0.78571,0.83498,0.89532,0.96059,1.0406,1.1158,1.2007,1.266,1.3202,1.3559,1.3608,1.3202,1.2352,1.1108,0.96059,0.79557,0.64039,0.50985,0.40517,0.33005,0.27956,0.25,0.22537,0.20936,0.20443,0.20443,0.20936,0.21429,0.22044,0.22537,0.22537,0.23522,0.24507,0.25985,0.2697,0.28448,0.29433,0.29433,0.30542,0.31527,0.32512,0.33498,0.34975,0.35468,0.36453,0.37438,0.37438,0.36946,0.37438,0.38054,0.38054,0.38547,0.38547,0.38547,0.39039,0.39532,0.39532,0.39532,0.39532,0.39532,0.40025,0.40517,0.41502,0.41995,0.41995,0.41995,0.42488,0.4298,0.43473,0.43966,0.43473,0.43966,0.43966,0.44458,0.45443,0.46059,0.46059,0.46059,0.45443,0.46059,0.46552,0.4803,0.49507,0.51478,0.55049,0.57512,0.5899,0.59483,0.57512,0.56527,0.5702,0.56527,0.55049,0.54064,0.52463,0.50493,0.49015,0.48522,0.47537,0.45443,0.42488,0.47044,0.71552,1.2906,1.9865,2.2007,1.7155,0.97044,0.5197,0.45443,0.5197,0.52956,0.50493,0.48522,0.4803,0.47537,0.47537,0.48522,0.5,0.5197,0.52956,0.53448,0.54064,0.55542,0.5702,0.5899,0.60961,0.63054,0.65025,0.67488,0.70567,0.73522,0.77463,0.81527,0.87069,0.93473,1.0099,1.0899,1.17,1.2451,1.3054,1.351,1.3658,1.351,1.2857,1.1749,1.0308,0.86576,0.70074,0.55542,0.44458,0.35468,0.29433,0.25493,0.2303,0.22044,0.20936,0.20936,0.20936,0.21429,0.22044,0.2303,0.23522,0.24015,0.24507,0.25,0.25985,0.26478,0.27463,0.28448,0.30049,0.31527,0.3202,0.33005,0.3399,0.34975,0.35468,0.35961,0.36453,0.36946,0.37438,0.38054,0.38547,0.38547,0.39039,0.39039,0.39039,0.39039,0.39532,0.40025,0.40025,0.40517,0.41502,0.41995,0.41995,0.41995,0.41995,0.41995,0.42488,0.42488,0.4298,0.43473,0.43473,0.43966,0.44458,0.44458,0.44951,0.45443,0.44951,0.44951,0.46059,0.46552,0.46552,0.47044,0.48522,0.49507,0.50493,0.53448,0.5702,0.58005,0.58498,0.57512,0.5702,0.5702,0.56034,0.55542,0.55049,0.52956,0.50493,0.48522,0.4803,0.47537,0.46552,0.43473,0.4298,0.63054,1.1305,1.8559,2.2365,1.8756,1.1059,0.54557,0.4298,0.50493,0.54064,0.5197,0.49507,0.48522,0.47537,0.4803,0.48522,0.49015,0.50493,0.5197,0.53448,0.55049,0.56034,0.5702,0.58498,0.60468,0.63054,0.64532,0.67488,0.70074,0.7303,0.76478,0.80542,0.86084,0.91995,0.99015,1.0653,1.1404,1.2204,1.2857,1.335,1.3608,1.3658,1.3103,1.2106,1.0702,0.90517,0.74015,0.59483,0.47537,0.38547,0.31034,0.26478,0.23522,0.22044,0.21429,0.20936,0.20936,0.21429,0.21429,0.22044,0.22537,0.2303,0.24015,0.25,0.25985,0.27463,0.28448,0.28941,0.30049,0.31034,0.3202,0.33005,0.3399,0.34975,0.35961,0.36453,0.36946,0.37438,0.38054,0.38054,0.38547,0.38547,0.39039,0.38547,0.38547,0.39039,0.39532,0.40025,0.40517,0.4101,0.4101,0.4101,0.41502,0.41995,0.42488,0.42488,0.4298,0.43966,0.43966,0.43966,0.43966,0.44458,0.44458,0.44951,0.46059,0.46059,0.46552,0.46552,0.47044,0.47044,0.47537,0.4803,0.49015,0.50493,0.53448,0.57512,0.5899,0.59483,0.58005,0.5702,0.56527,0.5702,0.55542,0.54557,0.53448,0.5197,0.49507,0.48522,0.48522
