2.8358,2.7996,2.7576,2.7077,2.65,2.5865,2.5171,2.4438,2.3675,2.2893,2.2102,2.131,2.0538,1.9804,1.9179,1.8631,1.8074,1.7537,1.7038,1.6588,1.6188,1.5826,1.5503,1.52,1.4927,1.4673,1.4467,1.4291,1.4086,1.3861,1.3627,1.3402,1.3177,1.2942,1.2708,1.2483,1.2258,1.2043,1.1838,1.1681,1.1564,1.1427,1.1271,1.1124,1.0987,1.085,1.0694,1.0528,1.0342,1.0166,1.0059,1.0068,1.0254,1.0684,1.1486,1.2688,1.4213,1.6012,1.7977,1.999,2.1926,2.3705,2.5279,2.6618,2.7595,2.8319,2.8974,2.9492,2.9863,3.0088,3.0166,3.0108,2.9932,2.9638,2.9238,2.8759,2.825,2.7703,2.7077,2.6393,2.566,2.4888,2.4076,2.3255,2.2434,2.1632,2.086,2.0117,1.9423,1.8856,1.8377,1.7889,1.7419,1.6989,1.6598,1.6237,1.5914,1.5611,1.5327,1.5044,1.477,1.4545,1.435,1.4125,1.3891,1.3656,1.3421,1.3196,1.2972,1.2757,1.2542,1.2336,1.2131,1.1935,1.1789,1.1681,1.1535,1.1378,1.1212,1.1036,1.085,1.0684,1.0587,1.0626,1.0909,1.1505,1.2287,1.3304,1.4741,1.6481,1.8397,2.0371,2.2278,2.4037,2.5591,2.6911,2.7996,2.8866,2.9531,2.9941,3.0166,3.0313,3.0352,3.0274,3.0078,2.9775,2.9374,2.8886,2.8309,2.7664,2.697,2.6305,2.564,2.4888,2.4096,2.3294,2.2483,2.1691,2.0919,2.0166,1.9462,1.8798,1.8192,1.7644,1.7204,1.6843,1.6461,1.61,1.5758,1.5445,1.5152,1.4868,1.4594,1.4321,1.4037,1.3763,1.3548,1.3372,1.3157,1.2923,1.2698,1.2483,1.2278,1.2072,1.1867,1.1681,1.1505,1.1329,1.1212,1.1114,1.0978,1.0811,1.0616,1.043,1.0303,1.0293,1.0508,1.1036,1.1935,1.3206,1.4809,1.6383,1.7957,1.9765,2.1593,2.3314,2.4839,2.6139,2.7204,2.8045,2.868,2.912,2.9374,2.9443,2.9374,2.9208,2.8935,2.8563,2.8094,2.7546,2.6931,2.6266,2.5562,2.4809,2.4027,2.3236,2.2522,2.1857,2.1144,2.043,1.9746,1.9091,1.8485,1.7928,1.7429,1.6979,1.6559,1.6178,1.5885,1.564,1.5376,1.5112,1.4848,1.4594,1.434,1.4086,1.3842,1.3597,1.3363,1.3128,1.2903,1.2737,1.259,1.2405,1.2209,1.2014,1.1828,1.1652,1.1496,1.1339,1.1173,1.1017,1.085,1.0733,1.0645,1.0528,1.0459,1.0538,1.0841,1.1466,1.2454,1.3803,1.5474,1.7351,1.9316,2.1251,2.2854,2.4194,2.5503,2.6667,2.7644,2.8416,2.9003,2.9394,2.9609,2.9658,2.956,2.9345,2.9032,2.8641,2.8162,2.7605,2.6989,2.6315,2.5601,2.4848,2.4066,2.3265,2.2463,2.1681,2.0929,2.0283,1.9717,1.913,1.8553,1.8016,1.7517,1.7067,1.6647,1.6276,1.5885,1.5494,1.5171,1.4927,1.4731,1.4516,1.4282,1.4037,1.3793,1.3558,1.3333,1.3118,1.2913,1.2717,1.2542,1.2366,1.2248,1.2151,1.2014,1.1877,1.174,1.1603,1.1457,1.131,1.1144,1.0987,1.087,1.086,1.0997,1.1339,1.1994,1.3001,1.437,1.6022,1.7869,1.9795,2.1672,2.3412,2.4956,2.6266,2.7341,2.8094,2.8622,2.9062,2.9384,2.956,2.9609,2.9521,2.9326,2.9013,2.8602,2.8104,2.7517,2.6931,2.6325,2.564,2.4907,2.4125,2.3314,2.2493,2.1681,2.088,2.0117,1.9384,1.87,1.8074,1.7566,1.7146,1.6716,1.6315,1.5943,1.5601,1.5298,1.5015,1.4741,1.4487,1.4223,1.3969,1.3763,1.3597,1.3392,1.3177,1.2952,1.2737,1.2522,1.2317,1.2121,1.1926,1.175,1.1584,1.1437,1.1339,1.1271,1.1153,1.0997,1.0831,1.0665,1.0547,1.0567,1.0821,1.1388,1.2326,1.3636,1.5015,1.6471,1.8221,2.0078,2.1887,2.3548,2.5005,2.6237,2.7243,2.8035,2.8622,2.9032,2.9238,2.9296,2.9267,2.913,2.8895,2.8573,2.8162,2.7664,2.7097,2.6461,2.5777,2.5044,2.4282,2.3578,2.2893,2.2141,2.1369,2.0596,1.9834,1.912,1.8446,1.782,1.7263,1.6774,1.6334,1.5992,1.5718,1.5435,1.5171,1.4907,1.4663,1.4418,1.4184,1.3959,1.3744,1.3529,1.3304,1.3079,1.2913,1.2766,1.259,1.2405,1.2209,1.2023,1.1857,1.1691,1.1535,1.1378,1.1212,1.1026,1.0899,1.0821,1.0802,1.0938,1.1329,1.2063,1.3167,1.4624,1.6364,1.827,2.0225,2.2111,2.3851,2.521,2.6295,2.7322,2.8211,2.8944,2.9511,2.9922,3.0186,3.0313,3.0303,3.0156,2.9902,2.957,2.9169,2.869,2.8133,2.7507,2.6823,2.609,2.5308,2.4497,2.3656,2.2805,2.1955,2.1124,2.0411,1.9775,1.912,1.8495,1.7908,1.737,1.6882,1.6442,1.6051,1.5699,1.5376,1.5083,1.4848,1.4663,1.4448,1.4203,1.3959,1.3715,1.348,1.3245,1.3011,1.2786,1.2561,1.2346,1.2131,1.1975,1.1848,1.1681,1.1496,1.129,1.1075,1.087,1.0714,1.0674,1.0841,1.13,1.2111,1.3079,1.4272,1.5846,1.7664,1.958,2.1447,2.3167,2.4692,2.5992,2.7067,2.7918,2.8573,2.9042,2.9296,2.9394,2.9413,2.9208,2.8837,2.8446,2.8006,2.7507,2.694,2.6325,2.564,2.4917,2.4242,2.3578,2.2815,2.2004,2.1173,2.0342,1.9531,1.8759,1.8035,1.7361,1.6745,1.6197,1.5709,1.5327,1.5015,1.4692,1.4379,1.4086,1.3812,1.3548,1.3294,1.304,1.2796,1.2561,1.2326,1.216,1.2023,1.1857,1.1672,1.1496,1.131,1.1134,1.0958,1.0792,1.0626,1.0459,1.0283,1.0108,0.99902,0.99511,0.99902,1.0215,1.0723,1.1584,1.2805,1.436,1.6149,1.8055,1.9961,2.176,2.3196,2.435,2.5455,2.6413,2.7175,2.7761,2.8172,2.8416,2.8514,2.8475,2.8309,2.8035,2.7654,2.7224,2.6735,2.6158,2.5513,2.4809,2.4066,2.3284,2.2483,2.1672,2.087,2.0078,1.9306,1.8651,1.8084,1.7498,1.694,1.6422,1.5934,1.5494,1.5103,1.4751,1.4428,1.4135,1.3861,1.3646,1.346,1.3255,1.304,1.2815,1.26,1.2385,1.219,1.2014,1.1838,1.1672,1.1515,1.1359,1.1251,1.1163,1.1026,1.086,1.0665,1.0459,1.0264,1.0137,1.0147,1.0401,1.0958,1.1877,1.2942,1.4194,1.5806,1.7615,1.9482,2.1271,2.2884,2.4272,2.5425,2.6354,2.7067,2.7586,2.7928,2.8074,2.8074,2.7986,2.7791,2.7498,2.7097,2.6618,2.6051,2.5415,2.4731,2.3998,2.3236,2.2522,2.1838,2.1085,2.0303,1.9521,1.8768,1.8055,1.739,1.6774,1.6217,1.5718,1.5269,1.4868,1.4555,1.4301,1.4018,1.3734,1.346,1.3196,1.2933,1.2678,1.2424,1.217,1.1926,1.1691,1.1525,1.1408,1.1281,1.1163,1.1075,1.1026,1.1007,1.0997,1.0997,1.0987,1.0958,1.0938,1.0938,1.1007,1.1183,1.1554,1.2209,1.3196,1.4506,1.609,1.7869,1.9717,2.1525,2.3206,2.4712,2.5855,2.6735,2.7556,2.825,2.8788,2.9169,2.9394,2.9472,2.9413,2.9228,2.8935,2.8543,2.8074,2.7576,2.7038,2.6413,2.5728,2.5005,2.4252,2.349,2.2727,2.1975,2.1241,2.0538,1.9883,1.9335,1.8866,1.8397,1.7947,1.7527,1.7136,1.6784,1.6452,1.6129,1.5826,1.5543,1.5269,1.5005,1.479,1.4604,1.4389,1.4164,1.3939,1.3724,1.3519,1.3333,1.3157,1.3001,1.2854,1.2708,1.26,1.2502,1.2356,1.217,1.1975,1.1818,1.1779,1.1945,1.2405,1.3196,1.4389,1.5914,1.7625,1.9179,2.0606,2.2141,2.3617,2.4936,2.6051,2.695,2.7654,2.8162,2.8504,2.868,2.8719,2.8622,2.8416,2.8123,2.7752,2.7292,2.6755,2.6158,2.5513,2.4809,2.4066,2.3304,2.2522,2.174,2.1056,2.042,1.9736,1.9052,1.8397,1.7781,1.7214,1.6696,1.6227,1.5806,1.5435,1.5093,1.4829,1.4624,1.4399,1.4154,1.391,1.3656,1.3412,1.3167,1.2933,1.2708,1.2483,1.2268,1.2111,1.1975,1.1808,1.1632,1.1447,1.1251,1.1056,1.085,1.0635,1.045,1.0342,1.0391,1.0704,1.1202,1.1955,1.3099,1.4555,1.6246,1.8055,1.9844,2.1525,2.304,2.433,2.5406,2.6266,2.6843,2.7224,2.7527,2.7722,2.7801,2.7771,2.7625,2.737,2.7019,2.6579,2.6061,2.5474,2.4829,2.4223,2.3617,2.2913,2.216,2.1378,2.0577,1.9785,1.9013,1.827,1.7576,1.6921,1.6325,1.5855,1.5464,1.5064,1.4682,1.4321,1.3988,1.3685,1.3412,1.3148,1.2893,1.2649,1.2424,1.2209,1.2053,1.1916,1.174,1.1554,1.1369,1.1183,1.1007,1.0831,1.0655,1.0479,1.0293,1.0108,0.99707,0.98729,0.97947,0.98338,1.0098,1.0665,1.1584,1.2864,1.4448,1.6227,1.8074,1.9873,2.1554,2.2874,2.392,2.4907,2.5758,2.6452,2.6979,2.7351,2.7586,2.7674,2.7634,2.7468,2.7195,2.6852,2.6452,2.5963,2.5396,2.4761,2.4076,2.3343,2.2581,2.1808,2.1026,2.0264,1.9511,1.8798,1.8192,1.7664,1.7126,1.6608,1.6139,1.5709,1.5327,1.4995,1.4692,1.4418,1.4164,1.392,1.3734,1.3578,1.3392,1.3196,1.3001,1.2805,1.262,1.2434,1.2258,1.2092,1.1926,1.1779,1.1632,1.1525,1.1437,1.131,1.1144,1.0948,1.0753,1.0616,1.0616,1.0841,1.1359,1.2229,1.3441,1.4721,1.608,1.7703,1.9413,2.1075,2.259,2.39,2.4985,2.5855,2.652,2.6979,2.7263,2.738,2.7351,2.7204,2.696,2.6608,2.6168,2.565,2.5054,2.4409,2.3715,2.2981,2.2209,2.1427,2.0723,2.0078,1.9374,1.8661,1.7967,1.7302,1.6686,1.6129,1.5621,1.5171,1.477,1.4418,1.4096,1.3861,1.3666,1.3451,1.3226,1.2991,1.2776,1.2571,1.2375,1.218,1.1984,1.1789,1.1613,1.1486,1.1378,1.1251,1.1114,1.1056,1.1036,1.0958,1.0841,1.0684,1.0499,1.0313,1.0147,1.0068,1.0137,1.0401,1.0958,1.1877,1.3167,1.478,1.6608,1.8524,2.0411,2.216,2.3705,2.5015,2.5963,2.6647,2.7234,2.7683,2.7977,2.8113,2.8104,2.7957,2.7674,2.7283,2.6784,2.6207,2.563,2.5034,2.435,2.3607,2.2815,2.2004,2.1193,2.0381,1.9599,1.8847,1.8133,1.7478,1.6872,1.6393,1.5992,1.5591,1.522,1.4888,1.4594,1.433,1.4086,1.3871,1.3656,1.3451,1.3245,1.3099,1.2972,1.2815,1.2639,1.2454,1.2278,1.2102,1.1926,1.175,1.1584,1.1417,1.1251,1.1085,1.0968,1.088,1.0743,1.0587,1.044,1.0362,1.045,1.0782,1.1437,1.2463,1.3851,1.5533,1.7146,1.871,2.044,2.2141,2.3695,2.5044,2.6158,2.7058,2.7732,2.8211,2.8514,2.8641,2.8622,2.8465,2.8211,2.7859,2.741,2.6882,2.6295,2.564,2.4936,2.4184,2.3412,2.262,2.1818,2.1124,2.0479,1.9785,1.9091,1.8426,1.781,1.7243,1.6725,1.6266,1.5865,1.5513,1.521,1.4946,1.4751,1.4585,1.4379,1.4164,1.3949,1.3734,1.3509,1.3284,1.3079,1.2884,1.2698,1.2512,1.2385,1.2278,1.2151,1.2004,1.1857,1.1711,1.1554,1.1388,1.1202,1.1026,1.089,1.085,1.1007,1.1339,1.1926,1.2884,1.4223,1.5885,1.7752,1.9697,2.1593,2.3353,2.4907,2.6237,2.7331,2.8104,2.8651,2.911,2.9443,2.9648,2.9717,2.9648,2.9453,2.914,2.8719,2.8201,2.7615,2.696,2.6325,2.5679,2.4956,2.4174,2.3363,2.2542,2.173,2.0929,2.0156,1.9433,1.8749,1.8123,1.7625,1.7195,1.6764,1.6364,1.5992,1.565,1.5337,1.5054,1.479,1.4536,1.4291,1.4047,1.3812,1.3627,1.347,1.3284,1.3099,1.2903,1.2717,1.2532,1.2346,1.217,1.1994,1.1808,1.1632,1.1505,1.1398,1.1241,1.1075,1.0958,1.0948,1.1153,1.1642,1.2493,1.3724,1.5279,1.7067,1.8964,2.0616,2.2082,2.3578,2.4956,2.6158,2.7146,2.7928,2.8514,2.8915,2.915,2.9228,2.9169,2.8993,2.871,2.8328,2.7859,2.7312,2.6696,2.6012,2.5279,2.4516,2.3724,2.2913,2.2092,2.129,2.0596,1.9971,1.9316,1.8671,1.8065,1.7507,1.6999,1.654,1.6119,1.5738,1.5415,1.5142,1.4936,1.4751,1.4545,1.4321,1.4106,1.3891,1.3675,1.346,1.3255,1.306,1.2864,1.2678,1.2551,1.2444,1.2307,1.216,1.2014,1.1867,1.1711,1.1564,1.1408,1.1232,1.1056,1.0938,1.0938,1.1095,1.1466,1.2151,1.3206,1.4614,1.6305,1.8172,2.0088,2.1935,2.3636,2.5122,2.6373,2.7273,2.7908,2.8446,2.8847,2.9091,2.9179,2.914,2.8974,2.868,2.8289,2.7801,2.7243,2.6608,2.5992,2.5386,2.4692,2.3949,2.3177,2.2395,2.1613,2.085,2.0108,1.9413,1.8778,1.8182,1.7703,1.7302,1.6891,1.651,1.6158,1.5836,1.5543,1.5269,1.5015,1.478,1.4555,1.433,1.4106,1.3939,1.3793,1.3617,1.3431,1.3236,1.304,1.2854,1.2669,1.2493,1.2336,1.218,1.2043,1.1955,1.1877,1.176,1.1623,1.1457,1.1281,1.1153,1.1134,1.132,1.1789,1.26,1.3793,1.5327,1.6852,1.8377,2.0127,2.1916,2.3587,2.5073,2.6334,2.7361,2.8162,2.8759,2.9179,2.9423,2.9492,2.9413,2.9238,2.8964,2.8602,2.8152,2.7615,2.7009,2.6344,2.563,2.4868,2.4086,2.3284,2.2571,2.1916,2.1202,2.0489,1.9785,1.912,1.8504,1.7937,1.7439,1.6999,1.6618,1.6276,1.6012,1.5797,1.5572,1.5327,1.5093,1.4868,1.4643,1.4418,1.4203,1.3988,1.3783,1.3578,1.3372,1.3216,1.3099,1.2942,1.2776,1.261,1.2444,1.2278,1.2121,1.1965,1.1799,1.1632,1.1457,1.1339,1.129,1.131,1.1505,1.1975,1.2786,1.3969,1.5474,1.7234,1.912,2.1017,2.2796,2.4399,2.5621,2.6559,2.7419,2.8133,2.868,2.9071,2.9296,2.9365,2.9306,2.912,2.8807,2.8387,2.7928,2.7419,2.6833,2.6188,2.5503,2.477,2.4008,2.3236,2.2454,2.1672,2.0919,2.0205,1.9541,1.8993,1.8524,1.8045,1.7586,1.7165,1.6784,1.6442,1.6129,1.5846,1.5582,1.5337,1.5103,1.4917,1.4741,1.4536,1.4321,1.4106,1.3891,1.3675,1.346,1.3255,1.306,1.2864,1.2678,1.2551,1.2463,1.2346,1.2209,1.2063,1.1896,1.1711,1.1525,1.1369,1.129,1.1388,1.175,1.2444,1.3324,1.4418,1.5914,1.7664,1.955,2.1447,2.3245,2.4868,2.6266,2.7439,2.8397,2.915,2.9629,2.9912,3.0108,3.0196,3.0166,2.9932,2.9531,2.9101,2.8612,2.8055,2.7439,2.6774,2.6061,2.5386,2.4721,2.3978,2.3196,2.2414,2.1632,2.087,2.0156,1.9482,1.8847,1.827,1.7732,1.7302,1.694,1.6579,1.6217,1.5875,1.5552,1.5249,1.4956,1.4673,1.4399,1.4135,1.3881,1.3636,1.3441,1.3284,1.3099,1.2893,1.2669,1.2454,1.2239,1.2033,1.1838,1.1652,1.1476,1.13,1.1163,1.1036,1.087,1.0704,1.0606,1.0655,1.0968,1.1613,1.2649,1.4047,1.5758,1.7664,1.9638,2.1329,2.2796,2.4282,2.565,2.6833,2.782,2.8602,2.9189,2.9599,2.9863,2.9971,2.9941,2.9785,2.9531,2.9189,2.8749,2.8221,2.7625,2.696,2.6256,2.5494,2.4702,2.3881,2.305,2.2219,2.1486,2.0821,2.0127,1.9433,1.8768,1.8152,1.7586,1.7077,1.6618,1.6207,1.5836,1.5494,1.523,1.5005,1.4751,1.4497,1.4233,1.3969,1.3715,1.346,1.3206,1.2962,1.2717,1.2493,1.2268,1.2092,1.1955,1.1799,1.1623,1.1447,1.1281,1.1114,1.0948,1.0762,1.0567,1.0371,1.0244,1.0244,1.0401,1.0802,1.1525,1.262,1.4057,1.5777,1.7664,1.9589,2.1447,2.3157,2.4653,2.5914,2.6833,2.7498,2.8065,2.8495,2.8778,2.8905,2.8895,2.8749,2.8475,2.8104,2.7634,2.7077,2.652,2.5934,2.5269,2.4545,2.3773,2.2972,2.216,2.1359,2.0567,1.9795,1.9062,1.8368,1.7732,1.7214,1.6784,1.6354,1.5943,1.5572,1.5239,1.4936,1.4673,1.4418,1.4174,1.3939,1.3705,1.3519,1.3363,1.3167,1.2962,1.2757,1.2551,1.2356,1.216,1.1965,1.1779,1.1603,1.1427,1.1261,1.1144,1.1056,1.0929,1.0782,1.0616,1.043,1.0264,1.0137,1.0127,1.0313,1.0772,1.1584,1.2551,1.3734,1.5308,1.7126,1.9042,2.0929,2.2698,2.4262,2.5591,2.6686,2.7556,2.8201,2.8592,2.8798,2.8895,2.8876,2.8729,2.8465,2.8094,2.7625,2.7077,2.6452,2.5777,2.5064,2.4311,2.3617,2.2952,2.2219,2.1457,2.0694,1.9941,1.9218,1.8543,1.7918,1.7351,1.6843,1.6393,1.6041,1.5758,1.5455,1.5161,1.4888,1.4633,1.4379,1.4135,1.39,1.3666,1.3431,1.3206,1.2981,1.2815,1.2678,1.2502,1.2317,1.2121,1.1935,1.175,1.1574,1.1408,1.1261,1.1114,1.0968,1.086,1.0772,1.0635,1.0469,1.0313,1.0235,1.0303,1.0616,1.1251,1.2239,1.3597,1.5249,1.7107,1.8788,2.0332,2.1965,2.3529,2.4917,2.609,2.7048,2.7781,2.8319,2.8671,2.8856,2.8886,2.8778,2.8553,2.824,2.783,2.7341,2.6774,2.6149,2.5474,2.4751,2.3998,2.3226,2.2434,2.1652,2.0958,2.0332,1.9658,1.8993,1.8358,1.7771,1.7234,1.6745,1.6315,1.5943,1.5611,1.5308,1.5064,1.4858,1.4633,1.4399,1.4164,1.393,1.3695,1.346,1.3226,1.2991,1.2766,1.2551,1.2336,1.218,1.2053,1.1906,1.174,1.1574,1.1408,1.1241,1.1075,1.0899,1.0723,1.0538,1.0352,1.0244,1.0205,1.0235,1.043,1.0899,1.173,1.2923,1.4457,1.6246,1.8162,2.0098,2.1945,2.3607,2.4888,2.5885,2.6813,2.7595,2.8211,2.8661,2.8954,2.9091,2.9091,2.8954,2.87,2.8328,2.7908,2.7429,2.6852,2.6207,2.5523,2.479,2.4018,2.3226,2.2434,2.1642,2.087,2.0117,1.9413,1.8827,1.8309,1.7781,1.7283,1.6823,1.6403,1.6031,1.5699,1.5396,1.5122,1.4858,1.4594,1.4389,1.4213,1.3998,1.3763,1.3529,1.3304,1.3079,1.2854,1.2639,1.2434,1.2229,1.2033,1.1848,1.1711,1.1603,1.1466,1.132,1.1163,1.1007,1.085,1.0684,1.0518,1.0391,1.0371,1.0547,1.0909,1.1515,1.2502,3.1574,3.1652,3.1574,3.1329,3.0938,3.042,2.9795,2.9159,2.8485,2.7713,2.6882,2.6022,2.5152,2.4272,2.3402,2.2551,2.172,2.0948,2.0225,1.957,1.9042,1.8602,1.8172,1.7761,1.739,1.7048,1.6745,1.6471,1.6217,1.5973,1.5748,1.5523,1.5347,1.521,1.5034,1.4839,1.4633,1.4428,1.4233,1.4047,1.3861,1.3675,1.349,1.3294,1.3079,1.2923,1.2805,1.2688,1.2688,1.2913,1.346,1.4409,1.5758,1.7478,1.9462,2.1584,2.3724,2.5523,2.7048,2.8553,2.9912,3.1075,3.2004,3.2698,3.3177,3.3451,3.3548,3.347,3.3226,3.2835,3.2375,3.1828,3.1163,3.0411,2.9599,2.8739,2.783,2.6901,2.5973,2.5044,2.4125,2.3236,2.2483,2.1818,2.1124,2.045,1.9814,1.9218,1.869,1.8221,1.7801,1.7419,1.7077,1.6755,1.6442,1.6197,1.5992,1.5758,1.5503,1.5239,1.4985,1.4741,1.4506,1.4282,1.4076,1.3881,1.3685,1.3548,1.3441,1.3265,1.3069,1.2874,1.2727,1.2727,1.2972,1.3157,1.3509,1.4516,1.5973,1.7458,1.8974,2.0733,2.2522,2.4203,2.5699,2.697,2.7996,2.8807,2.9404,2.9785,2.9971,2.999,2.9853,2.9599,2.9238,2.8768,2.8211,2.7576,2.6872,2.6109,2.5298,2.4457,2.3617,2.2766,2.2023,2.1339,2.0616,1.9902,1.9218,1.8583,1.7986,1.7204,1.6735,1.6305,1.5738,1.5396,1.5112,1.4878,1.4614,1.435,1.4086,1.3822,1.3568,1.3324,1.3089,1.2874,1.2669,1.2483,1.2366,1.2268,1.2082,1.1945,1.1799,1.1544,1.1369,1.1232,1.1202,1.1359,1.1799,1.259,1.3539,1.4682,1.6207,1.7967,1.9824,2.1652,2.3353,2.4868,2.6149,2.7195,2.8016,2.8612,2.8954,2.911,2.915,2.9062,2.8837,2.8485,2.8025,2.7478,2.6852,2.6158,2.5396,2.4594,2.3773,2.303,2.2326,2.1574,2.0811,2.0068,1.9365,1.871,1.8104,1.7556,1.7048,1.6579,1.6139,1.5797,1.5513,1.521,1.4907,1.4633,1.437,1.4125,1.3881,1.3646,1.3421,1.3206,1.2991,1.2786,1.2639,1.2512,1.2366,1.2209,1.2063,1.1916,1.175,1.1584,1.1388,1.1183,1.0997,1.0899,1.0938,1.1163,1.1662,1.2512,1.3734,1.5279,1.7067,1.8983,2.0909,2.2737,2.4379,2.5797,2.697,2.7791,2.8358,2.8817,2.911,2.9238,2.9208,2.9022,2.87,2.825,2.7693,2.7058,2.6354,2.567,2.4976,2.4194,2.3353,2.2493,2.1642,2.0811,2.002,1.9277,1.8583,1.7947,1.738,1.6862,1.6452,1.6109,1.5758,1.5435,1.5132,1.4848,1.4585,1.435,1.4125,1.39,1.3675,1.346,1.3294,1.3148,1.2972,1.2796,1.2639,1.2483,1.2326,1.218,1.2033,1.1877,1.1701,1.1505,1.131,1.1163,1.1075,1.1046,1.1173,1.1554,1.2278,1.3372,1.4819,1.6549,1.8436,2.0371,2.2229,2.3734,2.4956,2.6119,2.7136,2.7947,2.8534,2.8915,2.9091,2.9091,2.8925,2.8612,2.8172,2.7625,2.7058,2.6452,2.5758,2.5005,2.4213,2.3392,2.2561,2.175,2.0958,2.0196,1.9472,1.8798,1.824,1.7761,1.7283,1.6833,1.6422,1.6051,1.5709,1.5415,1.5152,1.4907,1.4673,1.4448,1.4272,1.4115,1.393,1.3685,1.346,1.3304,1.3148,1.2981,1.2825,1.2669,1.2522,1.2366,1.2199,1.2082,1.1984,1.1652,1.1212,1.0948,1.085,1.0968,1.1378,1.2141,1.3284,1.479,1.6579,1.827,1.9892,2.1681,2.3441,2.5073,2.6491,2.7674,2.8622,2.9345,2.9853,3.0176,3.0303,3.0254,3.0059,2.9746,2.9326,2.8788,2.8152,2.7449,2.6696,2.5885,2.5034,2.4154,2.3275,2.2385,2.1593,2.088,2.0127,1.9374,1.8661,1.7996,1.739,1.6843,1.6344,1.5894,1.5484,1.5112,1.478,1.4516,1.4233,1.3959,1.3773,1.3558,1.3343,1.3128,1.2923,1.2717,1.2512,1.2297,1.2092,1.1945,1.1818,1.1662,1.1486,1.13,1.1085,1.085,1.0626,1.0469,1.045,1.0684,1.1241,1.218,1.3275,1.4575,1.6285,1.824,2.0283,2.2278,2.4125,2.5767,2.7165,2.8299,2.9198,2.9873,3.0264,3.0459,3.0557,3.0528,3.0362,3.0049,2.9609,2.9062,2.8416,2.7693,2.6911,2.608,2.521,2.4409,2.3646,2.2815,2.1955,2.1085,2.0235,1.9423,1.8661,1.7957,1.7302,1.6716,1.6197,1.5787,1.5445,1.5093,1.4751,1.4418,1.4115,1.3763,1.346,1.3245,1.303,1.2805,1.2581,1.2366,1.2209,1.2082,1.1926,1.174,1.1554,1.1369,1.1173,1.0968,1.0762,1.0557,1.0371,1.0254,1.0274,1.0489,1.0978,1.1838,1.3079,1.4682,1.6549,1.8553,2.0587,2.2532,2.4565,2.6227,2.7263,2.8045,2.8602,2.9091,2.9443,2.9629,2.956,2.9384,2.9169,2.8778,2.824,2.7595,2.6882,2.6188,2.5249,2.434,2.3656,2.2864,2.1808,2.0841,2.0156,1.9413,1.8671,1.7967,1.7322,1.6735,1.6168,1.5738,1.5435,1.5034,1.4614,1.434,1.4135,1.39,1.3597,1.3333,1.3148,1.2942,1.2786,1.2639,1.2463,1.2287,1.2063,1.1867,1.1711,1.1554,1.1408,1.1251,1.1085,1.0909,1.0733,1.0596,1.0479,1.0362,1.0352,1.0547,1.1046,1.1916,1.3705,1.5591,1.7615,2.0196,2.1965,2.304,2.4467,2.5885,2.7009,2.7996,2.8671,2.9198,2.9462,2.9589,2.9492,2.9277,2.8915,2.8299,2.7634,2.6911,2.6129,2.5298,2.4428,2.3539,2.2639,2.174,2.086,2.002,1.9228,1.8573,1.8006,1.7419,1.6862,1.6354,1.5885,1.5464,1.5083,1.4741,1.4438,1.4164,1.39,1.3685,1.35,1.3294,1.3069,1.2854,1.263,1.2405,1.219,1.1984,1.175,1.1496,1.129,1.1095,1.0968,1.086,1.0704,1.0538,1.0352,1.0156,1,0.99218,1.002,1.0381,1.1095,1.219,1.3402,1.478,1.652,1.8446,2.0401,2.2268,2.3949,2.5396,2.6588,2.7527,2.8231,2.871,2.8974,2.9032,2.8935,2.8719,2.8387,2.7928,2.737,2.6725,2.6012,2.5239,2.4418,2.3578,2.2717,2.1945,2.1232,2.0469,1.9697,1.8944,1.824,1.7586,1.6989,1.6442,1.5953,1.5503,1.5103,1.4751,1.4477,1.4252,1.4008,1.3773,1.3548,1.3333,1.3109,1.2884,1.2669,1.2454,1.2239,1.2033,1.1877,1.175,1.1593,1.1437,1.1281,1.1114,1.0948,1.0772,1.0587,1.0391,1.0205,1.0078,1.0098,1.0283,1.0704,1.1476,1.263,1.4145,1.5943,1.7908,1.9912,2.1838,2.3587,2.5112,2.6373,2.7263,2.7879,2.8397,2.8759,2.8944,2.8964,2.8827,2.8553,2.8143,2.7615,2.7009,2.6325,2.5582,2.4868,2.4174,2.3402,2.2581,2.174,2.0909,2.0098,1.9316,1.8563,1.7859,1.7224,1.6647,1.6188,1.5816,1.5435,1.5073,1.4741,1.4448,1.4184,1.3949,1.3734,1.3529,1.3324,1.3128,1.2933,1.2766,1.262,1.2444,1.2258,1.2072,1.1896,1.172,1.1554,1.1388,1.1222,1.1046,1.085,1.0704,1.0596,1.0489,1.0489,1.0684,1.1173,1.2033,1.3284,1.4878,1.6745,1.8749,2.0772,2.2688,2.4223,2.5474,2.6676,2.7742,2.8612,2.9277,2.9746,3.0029,3.0137,3.0078,2.9873,2.9541,2.913,2.8641,2.8065,2.74,2.6667,2.5865,2.5005,2.4106,2.3157,2.217,2.1153,2.0117,1.9198,1.8338,1.739,1.6422,1.5474,1.4585,1.3793,1.3079,1.2463,1.1906,1.1388,1.086,1.0313,0.98631,0.94721,0.9042,0.86119,0.82209,0.78983,0.76735,0.75758,0.76246,0.78201,0.8172,0.86706,0.9218,0.9824,1.0538,1.1271,1.1965,1.2581,1.3118,1.3607,1.4125,1.478,1.567,1.6891,1.8456,2.002,2.1642,2.3578,2.5591,2.7537,2.9306,3.0831,3.2082,3.305,3.3744,3.4194,3.4409,3.4399,3.4203,3.3891,3.3441,3.2854,3.218,3.1427,3.0626,2.9795,2.8954,2.8123,2.7312,2.652,2.5816,2.5181,2.4526,2.3881,2.3245,2.2639,2.2053,2.1486,2.0948,2.044,1.9961,1.9521,1.915,1.8827,1.8514,1.8172,1.7849,1.7586,1.737,1.7185,1.7019,1.6862,1.6725,1.6588,1.6461,1.6364,1.6285,1.6197,1.6109,1.6022,1.5934,1.5846,1.5767,1.5699,1.5621,1.5543,1.5474,1.5425,1.5386,1.5327,1.5259,1.5191,1.5112,1.5024,1.4927,1.4829,1.4731,1.4633,1.4536,1.4428,1.435,1.4282,1.4194,1.4115,1.4037,1.3959,1.3881,1.3822,1.3783,1.3754,1.3734,1.3724,1.3744,1.3773,1.3793,1.3812,1.3832,1.3861,1.3881,1.39,1.392,1.3939,1.3949,1.3949,1.3939,1.3949,1.3959,1.3969,1.3969,1.3969,1.3978,1.3988,1.3988,1.3988,1.3988,1.3988,1.3988,1.3998,1.4027,1.4047,1.4066,1.4076,1.4096,1.4106,1.4096,1.4076,1.4047,1.4018,1.3988,1.3959,1.3959,1.3969,1.3969,1.3969,1.3969,1.3959,1.3949,1.3939,1.392,1.391,1.3891,1.3871,1.3871,1.3891,1.39,1.39,1.391,1.392,1.393,1.3939,1.3959,1.3969,1.3988,1.3998,1.4018,1.4047,1.4076,1.4106,1.4135,1.4164,1.4203,1.4242,1.4282,1.433,1.4389,2.3666,2.2942,2.219,2.1437,2.0694,1.9971,1.9277,1.8622,1.8006,1.7429,1.696,1.6569,1.6178,1.5806,1.5464,1.5142,1.4848,1.4585,1.435,1.4115,1.3891,1.3666,1.349,1.3343,1.3177,1.2991,1.2805,1.262,1.2444,1.2268,1.2092,1.1926,1.1769,1.1623,1.1476,1.1378,1.131,1.1193,1.1046,1.088,1.0733,1.0655,1.0714,1.0997,1.1584,1.2532,1.3822,1.5171,1.6598,1.8299,2.0098,2.1848,2.346,2.4868,2.6051,2.6999,2.7722,2.8231,2.8534,2.8944,2.9345,2.9384,2.9218,2.8876,2.8407,2.784,2.7195,2.6491,2.5728,2.4936,2.4115,2.3275,2.2532,2.1828,2.1085,2.0342,1.9629,1.8964,1.8358,1.781,1.7322,1.6901,1.653,1.6197,1.5894,1.566,1.5464,1.5239,1.5015,1.48,1.4585,1.437,1.4154,1.3949,1.3744,1.3548,1.3343,1.3187,1.304,1.2864,1.2698,1.2522,1.2356,1.219,1.2014,1.1828,1.1652,1.1525,1.1515,1.1701,1.2082,1.2708,1.3724,1.5122,1.6823,1.8739,2.0753,2.2727,2.4585,2.6256,2.7703,2.8915,2.9765,3.0371,3.0899,3.131,3.1564,3.1662,3.1613,3.1417,3.1095,3.0655,3.0127,2.9501,2.8798,2.8113,2.7419,2.6637,2.5787,2.4897,2.3998,2.3099,2.2219,2.1378,2.0577,1.9824,1.913,1.8573,1.8104,1.7634,1.7195,1.6784,1.6413,1.6061,1.5738,1.5425,1.5122,1.4829,1.4545,1.4272,1.4057,1.3881,1.3666,1.3441,1.3216,1.2991,1.2766,1.2551,1.2356,1.216,1.1965,1.1769,1.1613,1.1486,1.1329,1.1241,1.132,1.1652,1.2336,1.3421,1.4888,1.6657,1.8612,2.0635,2.2366,2.3871,2.5396,2.6804,2.8025,2.9052,2.9863,3.0489,3.0938,3.1232,3.1369,3.1359,3.1212,3.0948,3.0587,3.0117,2.955,2.8895,2.8172,2.738,2.653,2.564,2.4731,2.3812,2.2903,2.2111,2.1388,2.0616,1.9853,1.913,1.8456,1.784,1.7283,1.6784,1.6344,1.5963,1.5621,1.5308,1.5064,1.4868,1.4643,1.4418,1.4194,1.3959,1.3734,1.3509,1.3284,1.306,1.2835,1.262,1.2473,1.2356,1.2209,1.2043,1.1857,1.1662,1.1447,1.1232,1.1056,1.0987,1.1105,1.1505,1.2258,1.3196,1.435,1.5885,1.7683,1.9589,2.1476,2.3216,2.4731,2.5982,2.697,2.7693,2.8162,2.8387,2.8436,2.8348,2.8133,2.781,2.738,2.6852,2.6227,2.5523,2.4751,2.391,2.3021,2.2082,2.1232,2.043,1.9541,1.8622,1.7713,1.6843,1.6031,1.5298,1.4663,1.4125,1.3656,1.3265,1.2991,1.2776,1.2551,1.2346,1.2151,1.1984,1.1818,1.1672,1.1525,1.1378,1.1232,1.1075,1.0919,1.0821,1.0753,1.0645,1.0508,1.0381,1.0264,1.0166,1.0078,0.99902,0.98925,0.97752,0.96383,0.95601,0.95308,0.95308,0.96481,1,1.0665,1.173,1.3128,1.4721,1.6461,1.827,2.0029,2.1672,2.2972,2.3998,2.4966,2.5797,2.6461,2.695,2.7283,2.7458,2.7488,2.738,2.7146,2.6794,2.6383,2.5934,2.5376,2.4741,2.4047,2.3314,2.2542,2.176,2.0968,2.0186,1.9433,1.8729,1.8084,1.7566,1.7136,1.6706,1.6305,1.5943,1.5611,1.5327,1.5073,1.4848,1.4653,1.4497,1.436,1.4272,1.4213,1.4154,1.4115,1.4076,1.4037,1.3998,1.3959,1.393,1.3881,1.3812,1.3724,1.3617,1.3529,1.3431,1.3275,1.3079,1.2864,1.2639,1.2444,1.2317,1.2326,1.2571,1.3109,1.3998,1.5024,1.6217,1.7752,1.9492,2.129,2.3021,2.4575,2.5904,2.6989,2.781,2.8387,2.8729,2.8847,2.8798,2.8631,2.8328,2.7908,2.739,2.6784,2.608,2.5298,2.4457,2.3558,2.262,2.1652,2.0782,1.998,1.911,1.8231,1.7361,1.651,1.5699,1.4936,1.4213,1.3539,1.2933,1.2385,1.1975,1.1642,1.1281,1.0929,1.0596,1.0293,1.2336,1.4047,1.6002,1.8084,2.0166,2.2141,2.3939,2.5513,2.6696,2.7595,2.8407,2.9081,2.9589,2.9951,3.0166,3.0235,3.0156,2.9941,2.9609,2.9159,2.8661,2.8123,2.7488,2.6784,2.6022,2.522,2.4379,2.3519,2.2669,2.1838,2.1036,2.0264,1.9541,1.8954,1.8446,1.7918,1.739,1.6891,1.6413,1.5973,1.5562,1.5171,1.479,1.4418,1.4047,1.3744,1.346,1.3128,1.2766,1.2385,1.2004,1.1623,1.1251,1.088,1.0528,1.0196,0.98827,0.9609,0.9433,0.93157,0.91887,0.90714,0.89932,0.89932,0.91496,0.95406,1.0235,1.1281,1.2669,1.435,1.5982,1.7586,1.9384,2.1183,2.2874,2.4379,2.5679,2.6755,2.7615,2.828,2.8768,2.9091,2.9257,2.9257,2.913,2.8915,2.8602,2.8201,2.7713,2.7136,2.6481,2.5777,2.5015,2.4213,2.3392,2.2659,2.1975,2.1222,2.0469,1.9726,1.9003,1.8328,1.7693,1.7116,1.6598,1.6129,1.5699,1.5308,1.5005,1.4751,1.4467,1.4174,1.3891,1.3627,1.3372,1.3128,1.2893,1.2669,1.2444,1.2229,1.2405,1.2776,1.2884,1.2845,1.2747,1.262,1.2473,1.2317,1.2151,1.1984,1.1838,1.1779,1.1867,1.2102,1.2542,1.3294,1.436,1.5699,1.7234,1.8866,2.0499,2.2053,2.347,2.4712,2.5758,2.651,2.7048,2.7517,2.7869,2.8104,2.8201,2.8182,2.8035,2.7781,2.7429,2.6999,2.6491,2.5914,2.5357,2.479,2.4154,2.348,2.2786,2.2082,2.1378,2.0684,2.002,1.9384,1.8798,1.827,1.784,1.7488,1.7116,1.6764,1.6432,1.6119,1.5836,1.5572,1.5318,1.5073,1.4848,1.4624,1.4448,1.4301,1.4125,1.3939,1.3763,1.3587,1.3412,1.3245,1.3099,1.2952,1.2815,1.2669,1.2522,1.2414,1.2317,1.218,1.2072,1.2043,1.216,1.2502,1.3128,1.4066,1.5308,1.6784,1.8407,1.9863,2.1193,2.261,2.3949,2.5142,2.6149,2.697,2.7605,2.8065,2.8358,2.8514,2.8534,2.8416,2.8201,2.7908,2.7527,2.7067,2.654,2.5953,2.5327,2.4653,2.3949,2.3226,2.2493,2.176,2.1114,2.0538,1.9932,1.9345,1.8788,1.828,1.781,1.74,1.7038,1.6706,1.6403,1.6119,1.5865,1.567,1.5513,1.5327,1.5132,1.4927,1.4712,1.4506,1.4311,1.4115,1.3939,1.3773,1.3607,1.349,1.3392,1.3275,1.3138,1.2991,1.2835,1.2659,1.2483,1.2326,1.2248,1.2307,1.26,1.3167,1.3891,1.4809,1.609,1.7615,1.9277,2.0948,2.2532,2.3978,2.5239,2.6295,2.7136,2.7791,2.8211,2.8456,2.8612,2.8671,2.8622,2.8465,2.8192,2.783,2.738,2.6862,2.6295,2.5689,2.5034,2.4418,2.3812,2.3148,2.2454,2.175,2.1075,2.042,1.9804,1.9238,1.8729,1.826,1.784,1.7507,1.7234,1.695,1.6676,1.6422,1.6178,1.5943,1.5709,1.5484,1.5269,1.5054,1.4848,1.4643,1.4497,1.4379,1.4242,1.4096,1.3939,1.3793,1.3646,1.349,1.3333,1.3177,1.3011,1.2854,1.2757,1.2737,1.2815,1.3089,1.3636,1.4497,1.567,1.7107,1.8729,2.042,2.2102,2.3685,2.5103,2.6197,2.7048,2.784,2.8514,2.9052,2.9443,2.9697,2.9804,2.9775,2.9638,2.9394,2.9062,2.8671,2.824,2.7732,2.7155,2.652,2.5836,2.5122,2.4379,2.3617,2.2854,2.2111,2.1388,2.0694,2.0108,1.9609,1.9091,1.8602,1.8143,1.7722,1.7058,1.6266,1.5709,1.5279,1.4917,1.4594,1.435,1.4135,1.39,1.3656,1.3402,1.3157,1.2923,1.2708,1.2502,1.2317,1.2141,1.1955,1.1769,1.1632,1.1515,1.1349,1.1153,1.0968,1.085,1.085,1.1056,1.1544,1.2375,1.3548,1.5034,1.651,1.7986,1.9687,2.1408,2.304,2.4516,2.5797,2.6872,2.7742,2.8416,2.8915,2.9257,2.9413,2.9423,2.9345,2.9169,2.8886,2.8504,2.8035,2.7488,2.6862,2.6188,2.5455,2.4673,2.3851,2.3109,2.2405,2.1642,2.088,2.0127,1.9404,1.8729,1.8094,1.7507,1.6979,1.6491,1.6051,1.5699,1.5406,1.5103,1.48,1.4506,1.4223,1.3949,1.3675,1.3412,1.3157,1.2913,1.2678,1.2454,1.2287,1.216,1.2004,1.1838,1.1672,1.1496,1.131,1.1124,1.0929,1.0733,1.0577,1.0508,1.0577,1.0831,1.1349,1.219,1.3372,1.4868,1.6579,1.8407,2.0235,2.1965,2.3539,2.4907,2.6051,2.6872,2.7458,2.7957,2.8338,2.8573,2.8661,2.8612,2.8436,2.8143,2.7752,2.7273,2.6706,2.6129,2.5533,2.4848,2.4106,2.3314,2.2512,2.1711,2.0919,2.0147,1.9404,1.871,1.8074,1.7478,1.6999,1.6598,1.6197,1.5816,1.5455,1.5122,1.4809,1.4516,1.4233,1.3959,1.3685,1.3431,1.3236,1.3069,1.2884,1.2688,1.2493,1.2297,1.2102,1.1906,1.172,1.1554,1.1398,1.1232,1.1065,1.0948,1.085,1.0714,1.0567,1.0479,1.0508,1.0753,1.1281,1.2151,1.3363,1.4888,1.6637,1.824,1.9756,2.1388,2.2981,2.4418,2.566,2.6696,2.7507,2.8104,2.8514,2.8759,2.8847,2.8788,2.8602,2.8319,2.7937,2.7468,2.6911,2.6285,2.5601,2.4868,2.4106,2.3324,2.2542,2.1769,2.1095,2.0479,1.9814,1.915
119.45,117.75,100.7,80.71,77.076,83.465,80.71,67.463,57.206,55.506,58.613,63.419,68.343,72.797,75.962,76.255,73.383,69.632,65.705,60.195,53.22,50.817,59.902,78.834,96.946,107.32,111.31,112.6,113.71,115.82,118.1,119.69,120.21,119.86,118.75,117.58,116.7,115.35,112.6,108.55,104.39,101.22,99.114,97.356,95.422,93.194,90.498,87.743,85.223,82.292,77.31,70.629,65.178,63.302,62.833,60.547,57.851,57.968,59.727,61.719,66.76,75.904,85.223,90.85,91.612,87.157,78.776,71.156,68.401,68.343,66.467,64.591,67.229,72.035,71.273,62.657,53.572,51.814,56.737,62.247,65.178,66.115,65.705,64.416,63.185,62.774,63.595,65.588,68.46,70.804,71.215,70.98,72.914,79.714,92.726,110.25,127.07,137.39,139.97,138.56,136.86,135.69,134.4,132.99,131.18,128.24,124.38,120.92,118.69,117.05,114.82,111.25,106.5,101.34,96.946,93.488,90.615,87.802,85.164,82.351,79.01,75.845,74.438,74.263,73.442,71.625,69.984,69.632,70.16,71.156,72.387,73.559,73.676,72.152,70.277,69.691,69.808,69.046,67.346,65.939,64.767,63.361,62.012,61.544,62.071,62.833,64.064,65.353,66.115,65.822,64.884,63.536,62.423,61.895,61.661,60.606,58.144,55.213,53.22,53.22,54.569,55.975,57.382,59.727,64.416,73.442,88.271,107.09,124.32,135.04,139.32,140.26,140.2,139.73,139.09,138.33,136.51,133.11,128.19,122.33,116.35,111.42,107.96,105.74,103.98,102.05,99.7,96.594,92.901,89.15,85.751,82.586,79.42,76.255,73.032,69.984,67.756,66.526,66.526,67.756,69.398,70.629,70.687,70.101,69.398,68.812,68.225,67.756,67.288,66.936,66.76,66.877,67.112,67.346,67.522,67.463,67.112,66.291,65.119,63.829,62.774,62.188,61.895,62.071,62.481,63.009,63.361,63.595,63.536,63.009,62.13,61.426,60.84,60.488,60.547,61.895,66.35,76.255,91.788,109.25,123.09,131.29,135.45,137.04,136.63,135.28,134.52,133.87,132.35,129.59,125.78,121.62,117.64,113.83,110.19,106.62,102.63,98.118,94.015,90.791,88.154,86.044,84.696,83.758,82.117,78.893,74.907,71.508,68.929,66.819,64.943,63.829,63.595,63.536,62.892,62.188,62.188,63.126,64.298,65.119,65.236,64.65,63.771,64.24,66.995,70.511,71.801,69.984,66.877,63.947,61.485,59.727,58.789,58.671,59.258,60.488,62.247,63.829,65.06,65.529,65.002,63.829,63.126,63.185,63.654,64.65,67.346,73.559,84.989,101.81,119.86,133.05,138.56,138.85,137.92,138.38,140.5,141.49,139.26,135.45,132.29,129.36,125.55,121.09,116.87,113.83,112.54,112.24,110.72,107.61,103.8,100.23,96.36,91.495,85.575,79.303,73.735,69.691,66.936,65.178,64.181,64.24,65.588,67.991,70.335,71.859,72.387,71.977,71.097,69.925,68.46,66.936,65.412,64.357,63.947,63.829,64.122,64.65,65.353,65.822,66.057,66.233,66.174,65.881,65.236,64.533,64.005,63.654,63.361,62.892,62.54,62.364,62.305,62.012,61.544,61.485,62.54,66.057,74.614,89.619,108.14,123.26,130.53,131.59,130.82,130.36,129.53,127.95,126.08,124.61,122.97,120.86,118.4,115.99,113.65,111.6,109.43,106.68,103.86,101.69,99.407,96.477,93.37,90.674,87.802,84.285,80.358,76.373,72.973,70.57,68.87,67.756,67.405,68.108,68.812,69.046,69.28,69.984,70.335,70.16,69.984,69.984,69.691,69.046,68.636,68.284,67.698,67.053,66.526,66.115,65.588,65.236,65.06,64.709,64.474,64.24,64.064,63.829,63.654,63.478,63.302,63.009,62.599,62.364,62.305,62.599,64.591,70.804,83.406,101.28,118.93,130.24,134.11,133.93,133.11,132.64,131.82,130.41,128.71,127.01,125.26,123.5,121.68,119.92,118.1,116.23,114.3,112.07,109.61,106.91,104.21,101.34,98.411,95.363,92.198,88.623,84.696,80.651,77.135,74.321,72.387,71.273,70.98,71.097,71.508,71.801,72.035,72.094,72.152,72.094,71.977,71.742,71.508,71.097,70.629,70.16,69.749,69.339,68.87,68.401,68.05,67.581,67.229,66.877,66.526,66.174,65.705,65.295,64.884,64.474,64.064,63.654,63.361,63.185,63.478,65.412,71.566,84.051,101.81,119.28,130.59,134.34,134.05,132.93,132.05,131.06,129.53,127.72,125.78,123.85,121.91,119.86,117.75,115.53,113.18,110.66,107.96,105.21,102.4,99.583,96.887,94.132,91.202,87.861,84.168,80.417,76.9,74.028,72.035,70.922,70.57,70.687,71.097,71.625,71.918,72.035,72.094,72.094,71.918,71.625,71.273,70.863,70.335,69.749,69.105,68.46,67.874,67.288,66.819,66.35,66.057,65.705,65.529,65.295,65.06,64.767,64.533,64.357,64.181,64.005,63.771,63.654,63.654,64.474,67.874,76.373,91.495,110.49,126.78,135.63,137.39,136.04,134.81,133.93,132.7,131,129.07,127.01,124.9,122.79,120.57,118.1,115.53,112.77,109.9,106.91,103.98,100.99,97.942,94.718,91.319,87.626,83.875,80.417,77.428,75.083,73.442,72.621,72.446,72.68,73.09,73.559,73.735,73.501,72.973,72.563,72.27,72.211,72.094,71.742,71.039,70.042,68.929,67.991,67.229,66.76,66.35,66.174,65.939,65.646,65.353,65.06,64.767,64.533,64.298,64.005,63.654,63.419,63.185,63.126,63.243,64.298,68.05,77.135,92.726,111.66,127.54,135.69,136.92,135.57,134.22,133.29,132.05,130.24,128.13,125.84,123.61,121.33,118.93,116.46,113.83,111.07,108.14,105.15,102.1,99.114,96.125,92.96,89.56,85.809,81.999,78.307,74.966,72.211,70.218,69.163,68.87,69.163,69.691,70.218,70.57,70.687,70.687,70.57,70.335,70.16,69.984,69.749,69.339,68.87,68.343,67.815,67.229,66.643,66.291,65.939,65.588,65.236,64.767,64.416,64.005,63.478,63.126,62.774,62.54,62.305,62.188,62.071,62.305,64.005,69.456,81.472,99.114,117.28,129.53,133.99,133.46,131.94,130.65,129.3,127.6,125.67,123.56,121.45,119.28,117.11,114.88,112.42,110.02,107.5,104.86,102.05,99.173,96.242,93.253,90.322,87.157,83.758,80.124,76.49,73.501,71.449,70.394,70.16,70.394,70.804,71.156,71.449,71.566,71.625,71.566,71.449,71.215,70.98,70.57,70.101,69.573,69.046,68.518,67.991,67.463,67.053,66.643,66.35,66.057,65.646,65.295,64.884,64.474,64.24,64.005,63.654,63.361,63.009,62.657,62.481,63.243,66.936,76.314,92.315,111.19,126.25,133.34,134.16,132.76,131.53,130.47,129.18,127.54,125.72,123.91,122.03,120.1,118.1,116.11,114,111.66,109.08,106.15,103.45,100.7,97.649,94.367,90.791,86.864,82.879,79.127,76.021,73.676,72.035,71.156,70.98,71.156,71.625,72.094,72.504,72.68,72.739,72.621,72.387,71.977,71.625,71.273,70.922,70.394,69.925,69.339,68.87,68.401,67.932,67.405,67.053,66.995,67.112,66.819,66.115,65.412,64.943,64.474,64.064,64.064,64.416,64.709,65.822,70.629,82.234,100.17,119.16,132.99,138.97,139.09,137.39,136.16,135.1,133.29,131.23,129.65,128.3,126.49,124.55,122.85,120.86,118.52,116.05,113.53,110.66,107.67,104.68,101.58,98.352,95.187,91.495,87.333,83.23,79.303,76.255,74.38,73.149,72.387,72.446,73.032,73.207,73.149,73.559,73.852,73.559,73.09,72.973,72.797,72.211,71.684,71.215,70.687,70.16,69.749,69.163,68.636,68.108,67.581,67.17,66.76,66.35,65.939,65.588,65.236,64.943,64.591,64.416,64.298,64.474,66.115,71.625,83.582,101.93,121.45,135.22,140.73,140.67,139.21,137.92,136.57,134.87,132.88,130.94,129.01,127.07,125.14,123.03,120.8,118.34,115.7,112.71,109.61,106.44,103.16,99.818,96.301,92.608,88.505,84.168,80.182,76.783,74.321,72.68,71.801,71.566,71.684,71.918,72.152,72.446,72.504,72.504,72.387,72.094,71.859,71.508,71.097,70.687,70.218,69.808,69.398,68.987,68.46,68.108,67.874,67.522,67.229,66.936,66.526,66.115,65.646,65.236,64.884,64.474,64.122,63.829,63.829,65.06,69.573,80.241,97.356,116.87,132.05,139.26,140.14,138.68,137.15,135.86,134.16,132.11,130,127.78,125.61,123.26,120.8,118.05,115.12,111.83,108.49,104.98,101.4,97.825,94.015,89.912,85.868,81.941,78.365,75.259,72.739,71.039,70.101,69.808,70.042,70.57,70.98,71.273,71.449,71.508,71.449,71.449,71.215,70.922,70.394,69.984,69.573,69.105,68.636,68.167,67.756,67.288,66.877,66.408,65.998,65.588,65.353,65.178,64.709,64.122,63.654,63.302,63.009,62.657,62.481,62.364,62.599,64.474,70.57,83.289,101.87,120.8,133.81,138.91,138.85,137.39,135.92,134.4,132.47,130.24,127.83,125.67,123.5,121.21,118.57,115.53,112.19,108.61,105.03,101.58,98.059,94.367,90.322,86.337,82.644,79.245,76.021,73.325,71.156,69.867,69.222,69.28,69.691,70.218,70.746,71.097,71.273,71.332,71.215,71.039,70.687,70.277,69.808,69.28,68.753,68.167,67.581,67.17,66.76,66.291,65.939,65.588,65.236,64.884,64.474,64.181,63.829,63.419,63.185,63.009,62.657,62.305,62.071,61.895,62.071,64.064,70.804,84.461,103.51,121.86,133.81,138.09,137.74,136.27,135.04,133.75,132,130,127.95,125.9,123.85,121.62,119.16,116.46,113.47,110.31,106.91,103.33,99.759,96.066,92.257,88.271,84.403,80.651,77.252,74.087,71.742,70.101,69.28,69.105,69.398,69.925,70.394,70.804,71.097,71.273,71.273,71.215,70.98,70.687,70.218,69.749,69.163,68.636,68.108,67.581,67.17,66.76,66.291,65.998,65.646,65.353,65.06,64.767,64.474,64.122,63.712,63.478,63.243,62.833,62.54,62.364,62.716,65.236,72.739,87.333,106.97,125.37,136.63,140.14,139.44,138.03,136.86,135.51,133.81,131.94,130.06,128.19,126.31,124.32,122.09,119.75,117.05,114.18,111.13,107.79,104.39,100.99,97.473,93.722,89.678,85.575,81.648,78.307,75.552,73.501,72.094,71.508,71.273,71.508,71.742,71.859,71.918,71.918,71.859,71.684,71.332,70.98,70.629,70.218,69.749,69.163,68.46,67.815,67.17,66.819,66.467,66.115,65.705,65.353,65.002,64.533,64.24,64.005,63.829,63.654,63.478,63.185,62.892,62.657,62.774,64.122,68.987,80.124,97.708,117.4,132.23,138.91,139.56,138.27,136.86,135.69,134.16,132.41,130.47,128.42,126.43,124.32,122.09,119.57,116.76,113.65,110.37,106.91,103.51,100.05,96.418,92.432,88.154,84.051,80.358,77.135,74.38,72.152,70.746,69.984,69.867,70.042,70.335,70.746,71.097,71.273,71.156,70.746,70.335,70.335,70.57,70.394,69.749,68.753,67.932,67.815,68.05,67.932,67.229,66.467,66.057,65.588,64.767,64.122,63.947,64.064,63.947,63.595,63.185,62.774,62.599,62.305,61.661,61.368,62.54,66.995,76.959,93.722,113.88,130,137.51,138.38,137.33,136.1,134.75,133.29,131.94,130.06,127.83,125.72,123.67,121.09,118.28,115.47,112.48,108.96,105.39,101.87,98.059,94.132,90.147,86.22,82.527,79.362,76.431,73.618,71.684,70.687,70.16,70.042,70.277,70.687,71.039,71.215,71.097,70.98,70.863,70.57,70.101,69.749,69.398,68.929,68.225,67.698,67.17,66.643,66.174,65.705,65.353,64.943,64.533,64.24,64.005,63.712,63.478,63.243,62.892,62.657,62.423,62.13,61.837,61.661,61.544,61.661,63.067,67.874,78.893,96.418,115.88,130.65,137.62,138.56,137.39,136.16,135.04,133.58,131.59,129.48,127.37,125.26,122.97,120.45,117.58,114.47,111.19,107.73,104.21,100.7,97.004,93.194,89.15,85.223,81.589,78.248,75.2,72.563,70.629,69.398,69.046,69.105,69.456,69.984,70.277,70.511,70.629,70.629,70.57,70.277,70.042,69.749,69.339,68.929,68.401,67.874,67.288,66.819,66.291,65.822,65.353,65.002,64.591,64.24,63.829,63.536,63.243,62.833,62.481,62.188,61.837,61.544,61.25,60.957,60.664,60.84,62.716,68.929,81.706,100.17,118.87,131.7,136.69,136.86,135.69,134.69,133.7,132.29,130.41,128.3,126.19,123.97,121.68,119.22,116.7,113.94,110.72,107.38,103.98,100.35,96.477,92.315,88.154,84.109,80.3,76.9,73.969,71.625,69.925,68.929,68.694,68.87,69.163,69.632,70.042,70.335,70.629,70.687,70.687,70.511,70.16,69.808,69.222,68.753,68.167,67.581,67.053,66.467,65.998,65.471,65.06,64.591,64.298,64.005,63.654,63.302,63.009,62.657,62.305,62.012,61.661,61.368,61.133,60.782,60.664,61.426,64.767,73.618,89.385,109.08,126.08,135.57,137.97,137.21,136.1,135.1,133.81,132.17,130.36,128.6,126.78,124.96,122.97,120.8,118.4,115.76,112.89,109.72,106.44,103.1,99.7,96.125,92.315,88.388,84.403,80.886,77.603,74.907,72.856,71.625,71.039,70.98,71.215,71.508,71.801,71.918,71.977,71.859,71.684,71.273,70.863,70.277,69.691,69.105,68.46,67.932,67.346,66.819,66.233,65.705,65.295,64.884,64.533,64.24,64.005,63.654,63.419,63.185,62.892,62.657,62.423,62.188,62.012,61.837,62.012,62.892,66.584,75.962,92.374,112.36,129.07,137.86,139.79,138.8,137.56,136.57,135.22,133.64,131.82,130.06,128.3,126.43,124.38,122.09,119.75,117.11,114.24,111.07,107.73,104.39,100.81,97.18,93.312,89.092,84.93,80.944,77.428,74.438,72.094,70.629,69.808,69.573,69.691,69.984,70.335,70.629,70.746,70.804,70.687,70.394,70.16,69.925,69.573,69.163,68.753,68.225,67.756,67.229,66.877,66.408,65.998,65.471,65.06,64.533,64.122,63.712,63.361,63.067,62.657,62.305,61.895,61.544,61.25,60.899,60.664,60.899,62.716,68.518,80.944,99.232,118.28,131.76,137.21,137.62,136.51,135.45,134.28,132.88,131.06,129.18,127.25,125.26,123.09,120.68,117.99,115,111.72,108.2,104.57,100.81,97.004,93.077,89.033,85.106,81.413,77.897,74.731,72.035,69.984,68.753,68.225,68.343,68.812,69.398,69.984,70.335,70.57,70.57,70.57,70.335,69.984,69.573,69.28,68.929,68.284,67.463,66.877,66.408,65.939,65.353,64.943,64.474,64.064,63.654,63.361,63.126,62.716,62.423,62.13,61.719,61.309,60.899,60.606,60.313,59.902,59.727,59.902,61.661,67.229,79.303,97.239,115.99,129.42,135.22,135.98,135.16,134.4,133.4,131.94,130,128.01,126.13,124.14,122.03,119.69,116.93,113.71,110.31,106.73,103.04,99.29,95.422,91.612,87.861,84.109,80.358,76.841,73.794,71.215,69.456,68.518,68.401,68.753,69.28,69.749,70.16,70.394,70.394,70.394,70.335,70.16,69.808,69.28,68.694,68.05,67.405,66.76,66.291,66.174,66.057,65.412,64.591,64.24,64.005,63.419,62.833,62.833,62.892,62.481,62.071,61.895,61.602,60.84,60.488,60.606,60.488,60.137,60.313,61.778,65.939,75.611,92.432,112.01,127.19,134.69,136.51,135.81,134.58,133.46,132.29,130.47,128.6,126.78,124.67,122.33,119.98,117.4,114.24,110.84,107.67,104.16,100.35,96.653,92.96,89.092,85.164,81.53,78.307,75.259,72.563,70.511,69.222,68.636,68.694,69.046,69.456,69.867,70.16,70.277,70.277,70.101,69.867,69.573,69.163,68.753,68.225,67.698,67.053,66.467,65.939,65.353,64.943,64.416,64.005,63.536,63.243,62.833,62.599,62.364,62.13,61.837,61.544,61.309,60.957,60.723,60.43,60.137,59.844,59.785,60.488,63.478,71.625,86.513,105.62,122.79,132.99,136.04,135.63,134.58,133.7,132.47,130.88,128.95,126.9,124.9,122.91,120.8,118.52,115.94,113.06,109.9,106.68,103.28,99.935,96.418,92.726,88.974,85.164,81.472,78.014,74.79,72.035,70.101,68.929,68.46,68.518,68.987,69.398,69.867,70.042,70.16,70.101,69.925,69.691,69.339,69.046,68.694,68.108,67.522,67.053,66.584,66.233,65.881,65.412,64.943,64.474,64.181,63.829,63.654,63.478,63.185,62.833,62.54,62.247,61.895,61.544,61.192,60.84,60.547,60.371,60.547,62.423,68.284,80.944,99.466,118.57,131.76,136.86,137.1,136.16,135.34,134.58,133.17,131.53,129.89,128.3,126.72,125.14,123.32,121.09,118.69,115.88,112.89,109.66,106.44,103.1,99.818,96.301,92.608,88.681,84.52,80.534,76.841,73.676,71.156,69.573,68.812,68.753,63.243,63.009,62.599,62.13,61.544,60.957,60.488,59.961,59.492,58.965,58.613,58.261,57.851,57.616,58.32,61.778,71.039,87.099,106.38,122.15,130.06,131.12,129.3,127.48,126.02,124.32,122.15,119.86,117.69,115.58,113.59,111.42,109.2,106.73,104.16,101.4,98.47,95.48,92.491,89.56,86.63,83.582,80.358,76.9,73.383,70.16,67.991,66.877,66.408,66.35,66.408,66.584,66.76,66.76,66.584,66.408,66.233,65.939,65.471,64.943,64.416,63.829,63.243,62.54,61.837,61.426,61.192,60.899,60.664,60.43,60.313,60.137,59.785,59.492,59.199,58.789,58.437,58.261,58.32,59.551,63.771,73.852,90.322,109.25,123.97,130.94,131.47,129.65,127.83,126.25,124.32,121.97,119.57,117.11,114.59,112.13,109.55,106.97,104.27,101.69,99.114,96.477,93.781,91.026,88.154,85.164,81.999,78.776,75.493,72.504,70.101,68.694,67.991,67.698,67.522,67.405,67.229,66.936,66.467,66.115,65.705,65.353,65.002,64.65,64.298,63.829,63.419,63.009,62.481,61.895,61.426,61.133,60.84,60.664,60.488,60.371,60.195,59.844,59.433,58.906,58.437,57.91,57.558,57.382,57.91,60.782,68.753,83.23,101.93,118.52,127.83,130.06,128.6,126.66,125.08,123.26,120.98,118.34,115.82,113.36,110.9,108.49,105.8,102.98,100.05,97.063,94.015,90.85,87.802,84.871,81.882,78.658,75.318,71.977,69.105,67.053,65.998,65.646,65.646,65.822,65.939,66.174,66.291,66.174,65.939,65.646,65.412,65.06,64.533,64.005,63.478,62.892,62.423,61.895,61.485,61.133,60.723,60.371,60.02,59.785,59.551,59.258,58.789,58.437,58.027,57.734,57.382,56.972,56.796,56.972,58.437,63.478,74.731,92.022,110.49,123.73,129.07,128.95,127.19,125.49,123.67,121.5,118.98,116.29,113.65,111.13,108.55,105.91,103.04,100.05,97.004,94.015,90.85,87.743,84.696,81.53,78.248,74.673,71.156,68.167,65.998,64.65,64.122,64.122,64.474,64.884,65.06,65.236,65.295,65.295,65.178,64.943,64.591,64.24,63.771,63.243,62.657,62.188,61.661,61.133,60.606,60.254,60.02,59.844,59.551,59.082,58.73,58.378,57.91,57.499,57.148,56.972,56.679,56.268,56.093,56.796,60.137,68.694,83.875,102.81,118.93,127.48,129.12,127.6,125.72,123.91,121.74,118.98,116.05,113.18,110.37,107.61,104.8,101.93,98.821,95.656,92.55,89.56,86.63,83.699,80.71,77.545,74.145,70.863,68.05,65.939,64.65,64.064,64.064,64.298,64.591,64.943,65.119,65.236,65.295,65.236,65.06,64.65,64.298,63.829,63.419,62.833,62.364,61.778,61.368,60.84,60.43,60.02,59.785,59.492,59.199,58.847,58.554,58.32,58.027,57.734,57.441,57.089,56.854,56.737,57.206,60.195,68.343,83.406,102.63,119.45,128.66,130.65,129.36,127.6,126.02,123.97,121.62,119.04,116.64,114.3,112.01,109.72,107.26,104.57,101.63,98.528,95.48,92.432,89.502,86.688,83.875,80.886,77.545,74.028,70.57,67.581,65.471,64.357,63.829,63.829,64.181,64.533,64.884,65.06,65.119,65.06,64.884,64.591,64.24,63.771,63.361,63.126,63.067,63.009,62.716,62.305,61.485,60.43,59.609,59.433,59.433,59.492,59.668,59.785,59.082,57.675,56.854,57.03,57.323,56.913,57.851,63.126,74.79,91.905,110.49,124.49,130.47,130.18,128.24,126.78,125.26,122.85,120.45,118.28,115.94,113.3,111.13,109.25,106.97,104.21,101.28,98.47,95.832,93.077,89.971,86.981,84.109,81.12,77.897,74.614,71.215,68.225,66.115,65.002,64.884,65.295,65.705,65.881,65.939,65.939,65.822,65.588,65.295,65.002,64.767,64.533,64.064,63.302,62.599,62.188,61.661,61.309,60.957,60.723,60.43,60.02,59.609,59.199,58.789,58.32,57.91,57.616,57.323,56.972,56.679,56.737,58.261,63.478,75.024,92.55,111.01,123.97,129.24,129.12,127.42,125.61,123.56,121.15,118.69,116.17,113.59,111.07,108.49,105.97,103.33,100.64,97.825,94.836,91.846,88.798,85.868,82.879,79.714,76.373,72.914,69.691,67.053,65.353,64.474,64.24,64.298,64.416,64.533,64.591,64.533,64.416,64.24,64.064,63.771,63.419,62.892,62.423,61.895,61.368,60.782,60.371,59.961,59.551,59.082,58.671,58.378,58.144,58.027,58.027,58.32,58.554,58.437,57.968,57.675,57.558,57.675,57.91,59.316,64.181,75.493,92.96,111.83,125.37,131,131.12,129.36,127.6,125.84,123.79,121.33,118.4,115.47,112.6,109.78,106.62,102.98,99.232,95.656,92.491,89.736,87.216,84.637,81.706,78.541,74.907,71.215,67.874,65.353,63.829,63.419,63.536,63.712,63.771,63.771,63.947,64.24,64.65,65.295,65.822,65.646,64.416,62.481,60.606,59.316,58.496,57.968,57.851,57.91,58.144,58.437,58.671,58.906,59.316,59.785,60.137,60.43,60.723,60.957,60.723,60.195,59.609,59.375,59.551,60.664,64.005,71.801,85.633,103.16,118.81,127.42,128.89,126.49,123.61,121.04,118.69,116.17,113.83,111.77,110.19,108.55,106.32,103.45,99.935,96.008,91.964,88.154,85.34,83.406,81.53,78.893,75.786,72.68,69.573,66.643,64.533,63.243,62.423,61.602,61.133,62.13,65.002,68.167,69.456,68.401,66.526,65.178,64.474,63.829,63.243,62.657,62.305,61.895,61.368,60.606,59.727,59.023,58.671,58.437,58.144,57.734,57.323,56.972,56.796,56.737,56.679,56.679,56.62,56.386,56.034,56.034,57.616,63.126,75.083,93.077,111.48,124.2,129.01,128.54,126.55,124.55,122.44,119.86,117.05,114.18,111.36,108.67,105.97,103.28,100.46,97.473,94.425,91.377,88.447,85.575,82.879,80.124,77.252,74.028,70.746,67.405,64.65,62.833,62.012,61.895,62.305,62.774,63.361,63.829,64.181,64.298,64.24,64.064,63.712,63.302,62.716,62.13,61.544,60.899,60.371,59.844,59.492,59.199,58.847,58.613,58.437,58.261,57.968,57.734,57.499,57.323,56.972,56.62,56.268,56.151,56.093,56.268,58.027,64.005,76.724,95.129,113.3,125.31,129.71,129.42,127.66,125.9,123.97,121.62,118.87,116.05,113.47,111.13,108.79,106.32,103.69,100.99,98.118,95.129,91.964,88.916,85.985,83.113,80.3,77.545,74.673,71.742,68.812,66.174,64.416,63.595,63.536,63.947,64.298,64.591,64.884,65.06,65.119,65.06,64.767,64.416,63.947,63.302,62.716,62.13,61.485,60.84,60.371,59.785,59.316,58.789,58.378,58.085,57.851,57.499,57.148,56.854,56.62,56.151,55.682,55.448,55.272,55.506,56.913,62.071,73.207,89.678,106.27,117.46,121.86,122.15,121.33,120.51,119.63,118.52,116.87,115.06,113.36,111.83,110.07,107.73,105.21,102.92,100.64,98.059,95.422,92.843,90.147,87.509,84.754,81.941,79.01,75.611,72.211,69.222,67.053,65.939,65.646,65.998,66.526,67.17,67.756,68.284,68.694,68.636,68.05,67.346,66.643,66.233,65.998,65.939,65.822,65.705,65.646,65.588,65.295,64.65,64.005,63.829,64.181,64.122,63.126,61.778,60.957,60.957,61.368,61.837,62.247,62.481,64.005,69.28,80.593,97.122,115.17,130.3,139.73,143.6,144.54,145.18,145.83,145.48,143.84,141.26,137.74,133.34,129.12,125.31,121.39,116.52,111.6,106.91,102.34,98.118,94.484,91.377,88.447,85.458,82.527,80.241,79.069,78.658,78.776,79.362,79.948,80.475,81.237,81.589,81.53,81.824,82.586,82.937,82.586,82.879,83.289,82.937,82.175,82.292,83.054,83.23,82.996,82.879,82.527,81.824,81.355,81.648,82.351,82.82,82.879,82.761,82.468,82.117,81.53,81.179,81.003,81.062,81.589,82.82,84.403,86.102,87.509,88.505,89.15,89.795,90.264,90.44,90.557,90.674,90.791,90.791,90.791,91.026,91.436,91.729,91.905,92.139,92.374,92.491,92.667,92.901,93.194,93.312,93.429,93.663,93.839,94.015,94.191,94.543,94.718,94.777,94.836,95.129,95.48,95.832,96.184,96.535,96.77,96.77,96.653,96.77,97.122,97.415,97.59,97.825,98.059,98.294,98.411,98.47,98.47,98.645,98.997,99.232,99.407,99.525,99.583,99.583,99.407,99.407,99.583,99.994,100.29,132.05,131.88,131.59,131.41,131.23,131,130.77,130.53,130.36,130.3,130.47,130.94,131.7,132.47,133.11,133.58,133.87,134.11,134.34,134.63,134.81,134.93,135.04,135.1,135.16,135.1,134.93,134.93,135.1,135.45,135.69,135.63,135.45,135.16,134.93,134.63,134.4,134.34,134.4,134.69,134.81,134.87,134.81,134.63,134.4,134.22,134.28,134.63,134.99,135.16,135.22,135.1,134.87,134.63,134.63,134.81,135.04,135.22,135.45,135.57,135.69,135.86,136.39,136.8,136.69,136.27,136.27,136.74,137.04,137.1,136.98,136.8,136.39,135.86,135.22,134.58,134.11,134.22,134.81,135.51,136.22,137.15,138.03,138.5,138.5,138.68,139.21,139.73,140.26,140.55,140.73,140.79,140.79,140.79,140.79,140.85,141.14,141.49,141.43,141.14,141.2,141.67,142.02,141.73,141.49,141.84,142.25,141.84,141.14,140.85,141.2,141.14,140.5,139.97,140.14,140.61,140.91,140.91,140.91,140.96,140.85,140.44,139.85,139.38,139.21,139.09,138.8,138.15,137.86,138.09,138.27,137.86,137.56,137.45,137.15,136.69,136.45,136.51,136.63,136.57,136.57,136.57,136.86,137.1,137.15,137.45,138.15,139.09,139.67,139.91,140.2,140.38,140.38,140.32,140.38,140.5,140.67,140.79,140.85,140.91,140.96,140.96,141.08,141.08,141.2,141.26,141.2,141.08,140.96,141.14,141.2,141.08,140.73,140.5,140.38,140.26,140.14,140.03,140.03,139.91,139.79,139.79,139.97,140.14,140.03,139.85,139.79,139.79,139.67,139.56,139.44,139.21,138.62,137.92,137.33,136.8,136.39,136.04,136.04,136.51,136.92,137.1,136.98,136.74,136.51,136.16,135.81,135.57,135.45,135.22,135.04,135.04,135.45,136.1,136.86,137.51,137.97,138.27,138.44,138.62,138.8,139.03,139.21,139.32,139.44,139.5,139.56,139.5,139.5,139.44,139.44,139.38,139.38,139.38,139.32,139.32,139.38,139.44,139.38,139.32,139.26,139.21,139.09,139.03,138.97,138.85,138.8,138.74,138.68,138.68,138.68,138.62,138.38,138.09,138.03,138.09,138.03,137.8,137.56,137.39,137.21,137.1,136.92,136.69,136.45,136.22,136.04,135.92,135.81,135.63,135.34,135.1,134.87,134.58,134.28,133.99,133.7,133.4,133.23,133.23,133.58,134.11,134.87,135.69,136.22,136.63,136.74,136.8,136.8,136.92,137.1,137.33,137.51,137.74,137.86,137.97,137.97,137.97,138.03,138.03,138.09,138.15,138.27,138.38,138.44,138.38,138.15,137.86,137.56,137.33,137.15,137.04,137.04,136.92,136.86,136.8,136.74,136.69,136.57,136.45,136.22,136.1,135.98,135.86,135.69,135.51,135.34,135.28,135.22,135.16,135.16,135.16,135.1,134.93,134.63,134.34,134.16,133.99,133.87,133.81,133.75,133.64,133.4,133.29,133.23,133.11,132.99,132.99,133.29,133.87,134.58,135.16,135.63,135.98,136.22,136.51,136.74,136.92,136.98,136.92,136.98,136.98,137.1,137.21,137.39,137.45,137.39,137.33,137.33,137.33,137.39,137.45,137.45,137.33,137.21,137.15,137.04,136.92,136.8,136.69,136.63,136.57,136.63,136.63,136.63,136.63,136.63,136.57,136.45,136.22,136.04,135.92,135.86,135.86,135.86,135.81,135.57,135.34,135.22,135.1,134.87,134.63,134.4,134.28,134.16,133.99,133.81,133.64,133.34,133.11,132.88,132.7,132.47,132.35,132.29,132.41,132.88,133.58,134.34,134.93,135.34,135.63,135.81,135.98,136.16,136.27,136.39,136.69,136.57,136.57,136.69,136.74,136.74,136.74,136.69,136.74,136.8,136.92,136.98,136.98,136.86,136.8,136.8,136.74,136.69,136.63,136.57,136.39,136.16,135.98,135.81,135.57,135.22,134.93,134.63,134.28,134.05,133.87,133.81,133.99,134.4,135.16,135.92,136.57,136.98,137.39,137.62,137.86,138.03,138.33,138.38,138.44,138.5,138.62,138.68,138.74,138.74,138.85,138.91,138.97,138.91,138.91,138.97,139.03,138.97,138.91,138.8,138.62,138.44,138.15,138.03,137.86,137.62,137.39,137.15,137.04,136.98,136.98,136.86,136.63,136.45,136.22,136.1,136.04,136.04,135.86,135.57,135.22,134.93,134.75,134.52,134.28,134.05,133.81,133.46,133.17,132.93,132.64,132.29,131.94,131.7,131.35,131.12,130.88,130.59,130.36,130.3,130.47,130.94,131.59,132.23,132.64,132.88,133.05,133.29,133.64,134.16,134.63,134.58,133.99,133.75,134.05,134.63,134.99,135.1,134.99,134.87,134.81,134.69,134.22,133.64,133.29,133.29,133.46,133.7,133.81,133.58,133.11,132.88,132.99,133.05,132.99,133.11,133.29,133.4,133.34,133.34,133.46,133.87,133.99,133.87,133.81,133.81,133.7,133.7,133.99,134.05,133.7,133.05,132.29,131.76,131.35,131.18,131.12,131.23,131.7,132.17,132.52,132.41,132.17,132.17,132.41,132.47,132.47,132.76,133.17,133.75,133.99,133.81,133.11,132.35,131.7,131.23,131.06,131.12,131.29,131.47,131.82,132.29,133.17,134.11,134.87,135.22,135.51,135.51,135.22,134.87,134.52,134.11,133.81,133.34,132.64,131.76,131.23,131.41,132.11,132.64,132.76,132.47,132,131.53,131.41,131.53,131.94,132.41,132.99,133.46,133.81,133.99,133.99,133.99,133.93,133.81,133.64,133.34,133.05,132.64,132.17,131.88,131.7,131.47,131.29,131.18,131.18,131.18,131.18,131.12,131.12,131.23,131.29,131.23,131.18,131.41,132.11,133.05,133.81,134.28,134.58,134.69,134.69,134.81,134.99,135.22,135.45,135.51,135.63,135.81,135.81,135.69,135.34,135.22,135.22,135.28,135.28,135.45,135.63,135.69,135.63,135.63,135.69,135.69,135.57,135.45,135.45,135.45,135.28,135.16,135.04,134.99,134.99,134.93,134.93,134.99,134.99,134.99,134.93,134.93,134.99,134.93,134.87,134.81,134.81,134.81,134.63,134.52,134.4,134.34,134.16,133.93,133.75,133.58,133.34,133.05,132.7,132.11,131.53,131.18,131.18,131.18,130.41,128.89,127.54,127.31,127.95,129.36,131.82,135.16,139.32,144.19,149.23,152.8,153.39,151.46,148.64,145.3,141.55,137.8,135.1,134.11,134.52,135.51,136.63,137.56,137.92,137.33,135.51,132.64,129.48,126.72,125.2,125.08,126.55,129.24,132.76,136.86,140.61,142.49,141.9,140.2,138.91,139.21,140.55,141.67,141.73,140.55,138.8,137.21,136.16,135.81,135.81,135.92,135.98,136.16,136.57,136.92,136.74,135.86,134.93,134.69,134.81,134.75,134.4,134.22,134.4,135.04,136.16,137.45,138.15,137.97,136.86,135.22,133.64,132.23,131.35,130.94,131.29,132.64,134.63,136.86,138.62,139.67,140.26,140.38,140.14,139.56,138.91,138.27,137.56,137.39,138.33,139.73,140.2,139.26,138.09,137.74,137.68,137.62,137.62,137.51,137.15,136.69,136.22,135.98,135.92,136.04,136.22,136.45,136.57,136.74,136.74,136.74,136.8,136.92,136.92,136.63,136.22,136.04,136.04,135.86,135.63,135.34,135.1,134.93,134.75,134.69,134.81,134.87,134.87,134.81,134.81,134.69,134.28,133.93,133.87,134.22,134.99,135.92,136.69,137.15,137.56,137.86,138.03,138.15,138.27,138.33,138.27,138.15,138.15,138.27,138.38,138.5,138.62,138.68,138.68,138.62,138.62,138.68,138.74,138.8,138.91,138.97,139.03,139.21,139.26,139.32,139.38,139.38,139.26,139.21,139.03,138.85,138.68,138.5,138.27,138.03,137.86,137.62,137.45,137.33,137.1,136.98,136.92,136.86,136.8,136.63,136.27,136.22,136.16,135.57,134.22,132.82,132.05,132.29,133.05,133.75,134.22,134.81,135.45,135.81,135.57,134.81,133.99,133.58,133.7,134.28,135.1,135.69,136.04,136.69,137.74,138.5,138.03,136.69,135.69,135.92,136.98,137.8,138.27,138.97,139.97,140.67,140.85,140.91,140.91,140.61,139.85,139.21,138.74,138.74,138.8,138.8,138.68,138.5,138.15,137.86,137.56,137.33,137.1,137.04,137.04,137.04,137.04,137.04,136.92,136.86,136.92,137.15,137.39,137.33,137.04,136.8,136.69,136.8,136.92,136.92,136.8,136.69,136.51,136.22,136.04,135.92,135.81,135.57,135.28,135.1,134.93,134.69,134.4,134.22,134.16
0.16992,0.14502,0.13525,0.12988,0.12988,0.13525,0.14014,0.14014,0.14014,0.14502,0.14014,0.14014,0.14014,0.13525,0.12012,0.10986,0.095215,0.075195,0.055176,0.040039,0.035156,0.030273,0.050293,0.080078,0.12012,0.16992,0.23486,0.29492,0.33984,0.375,0.39502,0.40479,0.41016,0.40479,0.40479,0.3999,0.3999,0.3999,0.3999,0.3999,0.40479,0.40479,0.41016,0.41016,0.41016,0.41992,0.44482,0.47021,0.49023,0.50977,0.5249,0.53516,0.54004,0.53516,0.50488,0.4502,0.375,0.31982,0.29004,0.29004,0.29004,0.29004,0.2749,0.31494,0.5498,0.98975,1.4048,1.46,0.89502,0.51514,0.34521,0.24023,0.18994,0.16504,0.16016,0.15527,0.15527,0.15527,0.16016,0.16504,0.16504,0.16992,0.16992,0.16504,0.16016,0.16016,0.1499,0.14014,0.12012,0.1001,0.084961,0.075195,0.075195,0.080078,0.1001,0.12988,0.17529,0.22998,0.28516,0.33496,0.375,0.3999,0.41992,0.4248,0.4248,0.4248,0.4248,0.4248,0.4248,0.4248,0.4248,0.4248,0.4248,0.43018,0.43018,0.43018,0.43506,0.43994,0.47021,0.50488,0.5249,0.54492,0.56006,0.56982,0.5752,0.56006,0.52979,0.4751,0.41016,0.35986,0.34521,0.34521,0.33984,0.33496,0.31494,0.35986,0.6001,1.02,1.3799,1.4048,0.84473,0.51514,0.37012,0.2749,0.23486,0.22021,0.20996,0.20508,0.20508,0.20508,0.20996,0.20996,0.20996,0.20508,0.20508,0.20508,0.2002,0.19531,0.18018,0.16504,0.1499,0.12988,0.11523,0.10986,0.10498,0.11523,0.12988,0.16992,0.21484,0.27002,0.3252,0.37012,0.40479,0.4248,0.43994,0.44482,0.43506,0.43018,0.4248,0.41992,0.41992,0.41992,0.41504,0.41504,0.41504,0.41504,0.41504,0.41992,0.4248,0.43018,0.45508,0.47998,0.50488,0.52002,0.53516,0.53516,0.52979,0.51514,0.48486,0.4248,0.35986,0.31494,0.31006,0.30518,0.30029,0.29004,0.28027,0.39014,0.70996,1.1396,1.3647,1.085,0.63477,0.40479,0.29492,0.22998,0.19531,0.18018,0.18018,0.18018,0.18018,0.18018,0.18018,0.18018,0.18018,0.18018,0.17529,0.16992,0.16504,0.16016,0.14502,0.13525,0.11523,0.1001,0.080078,0.075195,0.080078,0.095215,0.125,0.16504,0.20996,0.26025,0.31006,0.35498,0.37988,0.39502,0.41016,0.41504,0.40479,0.3999,0.3999,0.3999,0.3999,0.39502,0.39502,0.39502,0.39502,0.39502,0.39502,0.40479,0.41992,0.43994,0.46484,0.47998,0.5,0.52002,0.52979,0.5249,0.5,0.45996,0.3999,0.33984,0.30518,0.30029,0.29492,0.29004,0.2749,0.27002,0.39502,0.7251,1.1597,1.3398,1.0146,0.58008,0.37012,0.27002,0.20508,0.17529,0.16016,0.16016,0.16504,0.16992,0.17529,0.17529,0.17529,0.17529,0.18018,0.17529,0.16992,0.16504,0.16016,0.14502,0.12988,0.11523,0.1001,0.090332,0.080078,0.080078,0.095215,0.12012,0.16016,0.20996,0.26025,0.31006,0.35498,0.37988,0.39502,0.40479,0.40479,0.40479,0.40479,0.3999,0.3999,0.3999,0.3999,0.3999,0.3999,0.3999,0.3999,0.3999,0.41504,0.43994,0.46484,0.48486,0.50977,0.5249,0.54004,0.54492,0.52979,0.5,0.43506,0.37012,0.3252,0.30518,0.29492,0.29492,0.29004,0.2749,0.3501,0.63477,1.0649,1.3799,1.1997,0.71484,0.41992,0.29492,0.22021,0.18018,0.16016,0.15527,0.16016,0.16016,0.16016,0.16016,0.15527,0.15527,0.15527,0.15527,0.15527,0.15527,0.14502,0.13525,0.125,0.10498,0.090332,0.070313,0.060059,0.055176,0.060059,0.080078,0.10986,0.1499,0.20996,0.26514,0.31982,0.35498,0.375,0.39014,0.3999,0.3999,0.3999,0.39502,0.3999,0.3999,0.39502,0.3999,0.3999,0.3999,0.40479,0.41016,0.43018,0.46484,0.48486,0.5,0.5249,0.54004,0.55518,0.5498,0.52979,0.47998,0.41016,0.33496,0.29004,0.28027,0.2749,0.2749,0.25488,0.24512,0.39014,0.76514,1.2397,1.4297,1.0801,0.6001,0.36523,0.24023,0.16504,0.12988,0.12012,0.12012,0.12012,0.12012,0.125,0.12012,0.12012,0.125,0.12012,0.12012,0.12012,0.10986,0.095215,0.080078,0.070313,0.055176,0.035156,0.024902,0.015137,0.010254,0.024902,0.044922,0.084961,0.12988,0.18018,0.24023,0.29004,0.33008,0.3501,0.36523,0.37012,0.375,0.37012,0.37012,0.37012,0.37012,0.37012,0.37012,0.37012,0.375,0.37988,0.40479,0.43506,0.45996,0.47998,0.5,0.51514,0.52002,0.5249,0.5,0.45508,0.38525,0.31982,0.28516,0.2749,0.27002,0.27002,0.25488,0.25,0.39014,0.74512,1.1997,1.3799,1.04,0.58496,0.375,0.26025,0.18994,0.16016,0.15527,0.1499,0.1499,0.15527,0.15527,0.15527,0.15527,0.15527,0.1499,0.14502,0.14014,0.13525,0.125,0.11523,0.1001,0.080078,0.075195,0.064941,0.060059,0.060059,0.075195,0.10986,0.14502,0.18994,0.24512,0.29492,0.33496,0.37012,0.39014,0.3999,0.40479,0.40479,0.40479,0.40479,0.40479,0.3999,0.3999,0.40479,0.3999,0.3999,0.41504,0.44482,0.46484,0.49023,0.50977,0.52979,0.54004,0.54004,0.5249,0.5,0.44482,0.37988,0.33008,0.30029,0.29004,0.29004,0.29004,0.2749,0.30518,0.53516,0.94482,1.3096,1.3447,0.80469,0.4751,0.33496,0.24023,0.2002,0.18018,0.17529,0.16992,0.16504,0.16992,0.16992,0.17529,0.17529,0.17529,0.17529,0.17529,0.16992,0.16016,0.15527,0.14014,0.12012,0.1001,0.090332,0.084961,0.084961,0.095215,0.11523,0.14502,0.18994,0.24512,0.30029,0.34521,0.37988,0.39502,0.41016,0.41504,0.41504,0.41016,0.41016,0.40479,0.40479,0.40479,0.40479,0.40479,0.3999,0.41016,0.43506,0.46484,0.48486,0.50977,0.52979,0.54004,0.54492,0.53516,0.49512,0.43506,0.37988,0.33008,0.31006,0.31006,0.31006,0.30029,0.28027,0.31494,0.54492,0.95996,1.3247,1.3496,0.79492,0.46484,0.3252,0.24023,0.19531,0.18018,0.16992,0.16504,0.16504,0.16992,0.16992,0.16504,0.16504,0.16504,0.16504,0.16992,0.16016,0.15527,0.14502,0.14014,0.125,0.10498,0.084961,0.075195,0.075195,0.090332,0.11523,0.1499,0.18994,0.24512,0.30029,0.33984,0.37012,0.39014,0.3999,0.40479,0.40479,0.41016,0.41504,0.40479,0.3999,0.39502,0.39014,0.38525,0.39502,0.40479,0.4248,0.44482,0.46484,0.49023,0.50488,0.51514,0.53516,0.52002,0.45996,0.39014,0.33984,0.30029,0.29004,0.29004,0.29004,0.2749,0.27002,0.38525,0.71484,1.1851,1.4746,1.2397,0.77002,0.50488,0.39502,0.31982,0.28027,0.27002,0.2749,0.2749,0.28516,0.31006,0.33008,0.34521,0.33496,0.31006,0.28516,0.27002,0.27002,0.25488,0.23486,0.20996,0.18018,0.14014,0.12012,0.12012,0.1499,0.22021,0.31494,0.40479,0.49023,0.56982,0.6499,0.7002,0.71973,0.7251,0.70996,0.69482,0.66992,0.64502,0.63477,0.62012,0.59521,0.58008,0.5752,0.56006,0.55518,0.56494,0.58984,0.61475,0.62988,0.6499,0.66504,0.66992,0.6499,0.6001,0.52979,0.45996,0.41016,0.38525,0.37988,0.37012,0.35986,0.33496,0.375,0.64014,1.0947,1.5,1.4097,0.8999,0.53516,0.38525,0.29492,0.24023,0.20996,0.2002,0.19531,0.19531,0.2002,0.2002,0.19531,0.18506,0.18506,0.18018,0.16992,0.15527,0.14014,0.12988,0.11523,0.095215,0.075195,0.064941,0.060059,0.060059,0.070313,0.084961,0.12012,0.16992,0.2251,0.2749,0.3252,0.3501,0.37012,0.37988,0.36523,0.35498,0.3501,0.33984,0.33496,0.33496,0.33496,0.33008,0.33496,0.3501,0.375,0.3999,0.41992,0.43994,0.45996,0.47998,0.47998,0.46484,0.43506,0.375,0.30029,0.23486,0.21484,0.21484,0.20996,0.2002,0.16992,0.22021,0.49023,0.96484,1.3647,1.3848,0.76514,0.3999,0.24023,0.14014,0.084961,0.060059,0.050293,0.055176,0.055176,0.055176,0.060059,0.070313,0.075195,0.075195,0.070313,0.064941,0.064941,0.064941,0.050293,0.035156,0.02002,0,-0.0097656,-0.014648,-0.014648,0,0.024902,0.060059,0.10498,0.16992,0.23486,0.29004,0.33496,0.37012,0.37988,0.38525,0.38525,0.39014,0.39502,0.39502,0.39502,0.39502,0.39014,0.39014,0.41016,0.44482,0.46484,0.48486,0.50977,0.52979,0.5498,0.56006,0.5498,0.50977,0.44482,0.37988,0.3252,0.30029,0.30029,0.30029,0.28516,0.26514,0.31982,0.58984,1.0601,1.4448,1.4648,0.8501,0.50488,0.34521,0.24512,0.19531,0.17529,0.16504,0.16504,0.16504,0.16504,0.16992,0.17529,0.17529,0.17529,0.16992,0.16504,0.16504,0.15527,0.14014,0.125,0.10986,0.095215,0.080078,0.075195,0.084961,0.095215,0.11523,0.16016,0.20996,0.26514,0.3252,0.37988,0.41504,0.43506,0.44482,0.44482,0.4502,0.45508,0.45508,0.45996,0.45996,0.45508,0.4502,0.4502,0.46484,0.49023,0.52002,0.53516,0.55518,0.5752,0.59521,0.60498,0.59521,0.55518,0.49512,0.43018,0.38525,0.35986,0.35498,0.35498,0.35986,0.33008,0.37988,0.62988,1.0747,1.4399,1.4497,0.83984,0.51514,0.37988,0.30029,0.25,0.23486,0.22998,0.22998,0.22998,0.22998,0.23486,0.24023,0.24512,0.24512,0.24512,0.24023,0.24023,0.2251,0.21484,0.2002,0.18506,0.16992,0.16016,0.16016,0.16504,0.18018,0.20996,0.25,0.30518,0.36523,0.41992,0.47021,0.50488,0.5249,0.53516,0.53516,0.53516,0.53516,0.54004,0.54004,0.53516,0.53516,0.53516,0.52979,0.52979,0.54492,0.5752,0.6001,0.62012,0.64014,0.66016,0.6748,0.68018,0.66016,0.60986,0.54492,0.49023,0.45508,0.43994,0.43018,0.43018,0.41992,0.40479,0.5249,0.86475,1.3247,1.5,1.1997,0.75,0.52979,0.43018,0.35986,0.3252,0.31494,0.31006,0.31006,0.31006,0.31494,0.31982,0.31982,0.31494,0.31006,0.30518,0.29492,0.29492,0.28516,0.2749,0.26025,0.23486,0.22021,0.20996,0.20508,0.21484,0.24023,0.2749,0.31982,0.37988,0.43506,0.48486,0.5249,0.5498,0.56982,0.5752,0.5752,0.56982,0.56982,0.56494,0.56494,0.56006,0.55518,0.5498,0.5498,0.5498,0.56982,0.59521,0.61475,0.63477,0.65479,0.68018,0.7002,0.7002,0.66504,0.60986,0.53516,0.47021,0.43506,0.4248,0.41504,0.41504,0.39014,0.37988,0.56494,0.95508,1.4048,1.5,1.1001,0.64502,0.46484,0.37012,0.30029,0.26514,0.25488,0.25,0.24512,0.24512,0.25,0.25,0.25,0.25,0.25,0.24512,0.24512,0.23486,0.2251,0.20508,0.18994,0.16992,0.15527,0.14502,0.13525,0.13525,0.15527,0.2002,0.24512,0.30029,0.35986,0.41504,0.4502,0.4751,0.49023,0.49512,0.5,0.49512,0.49023,0.49023,0.49512,0.48486,0.48486,0.49023,0.49023,0.49512,0.50977,0.54004,0.56494,0.58496,0.60498,0.625,0.63477,0.64014,0.61475,0.56006,0.48486,0.41016,0.37012,0.35986,0.35498,0.3501,0.3252,0.31494,0.4751,0.86475,1.355,1.5,1.1699,0.66992,0.4248,0.30518,0.22998,0.2002,0.18506,0.18018,0.17529,0.17529,0.17529,0.17529,0.17529,0.17529,0.16992,0.16504,0.16504,0.15527,0.14014,0.12988,0.10986,0.090332,0.070313,0.060059,0.055176,0.055176,0.070313,0.1001,0.14014,0.19531,0.26025,0.31494,0.35986,0.39014,0.41016,0.41992,0.4248,0.41992,0.41992,0.41504,0.41504,0.41016,0.41016,0.40479,0.40479,0.40479,0.41504,0.43994,0.47021,0.48486,0.50488,0.52002,0.53516,0.54004,0.5249,0.48486,0.41992,0.35498,0.30029,0.2749,0.2749,0.2749,0.26514,0.24512,0.30029,0.5752,1.0298,1.3999,1.4048,0.76514,0.4248,0.28516,0.19531,0.1499,0.12988,0.12012,0.12012,0.12012,0.12012,0.125,0.12988,0.125,0.125,0.12012,0.12012,0.10986,0.1001,0.090332,0.070313,0.055176,0.035156,0.02002,0.02002,0.02002,0.030273,0.060059,0.1001,0.1499,0.20508,0.26514,0.31494,0.3501,0.36523,0.37988,0.38525,0.38525,0.37988,0.37988,0.37988,0.375,0.37012,0.37012,0.37012,0.37012,0.37012,0.375,0.3999,0.4248,0.44482,0.46484,0.48486,0.49023,0.49512,0.48486,0.4502,0.39502,0.33008,0.28027,0.26025,0.25488,0.25,0.24512,0.22021,0.25488,0.49023,0.92969,1.3149,1.3447,0.75488,0.41016,0.27002,0.18506,0.14014,0.12012,0.11523,0.11523,0.11523,0.11523,0.12012,0.12012,0.12012,0.11523,0.11523,0.10986,0.1001,0.095215,0.084961,0.070313,0.050293,0.030273,0.02002,0.010254,0.015137,0.024902,0.050293,0.095215,0.14502,0.2002,0.25488,0.30518,0.33496,0.35498,0.37012,0.375,0.37988,0.37988,0.37988,0.375,0.37012,0.36523,0.36523,0.36523,0.37012,0.37012,0.37012,0.375,0.3999,0.4248,0.43994,0.45508,0.4751,0.49023,0.49512,0.47998,0.43994,0.37988,0.31494,0.27002,0.25,0.25,0.25,0.24023,0.22021,0.28027,0.56006,1.0098,1.3447,1.165,0.66992,0.37012,0.25488,0.17529,0.13525,0.12012,0.11523,0.11523,0.12012,0.12012,0.12012,0.12012,0.125,0.125,0.12012,0.12012,0.10986,0.095215,0.084961,0.070313,0.055176,0.044922,0.030273,0.024902,0.02002,0.040039,0.070313,0.11523,0.16504,0.2251,0.2749,0.31982,0.3501,0.37012,0.37988,0.38525,0.38525,0.38525,0.37988,0.37988,0.37988,0.37988,0.375,0.375,0.37012,0.37012,0.37988,0.39502,0.41992,0.43994,0.45996,0.47998,0.49512,0.50488,0.50977,0.48486,0.43506,0.37012,0.31006,0.27002,0.25488,0.25488,0.25488,0.23486,0.2251,0.39014,0.76514,1.21,1.3447,0.96484,0.51514,0.31494,0.22021,0.15527,0.125,0.11523,0.10986,0.10986,0.10986,0.10986,0.10986,0.10986,0.11523,0.10986,0.10986,0.10986,0.1001,0.090332,0.075195,0.060059,0.044922,0.030273,0.015137,0.010254,0.02002,0.030273,0.064941,0.10498,0.16504,0.2251,0.28027,0.31982,0.34521,0.36523,0.37012,0.37012,0.375,0.37012,0.37012,0.36523,0.36523,0.36523,0.37012,0.37012,0.37012,0.375,0.37988,0.39502,0.4248,0.44482,0.46484,0.48486,0.50488,0.50977,0.51514,0.48486,0.4248,0.3501,0.29004,0.25,0.24512,0.24023,0.23486,0.21484,0.20996,0.48486,0.93994,1.3799,1.4546,0.87988,0.44482,0.27002,0.17529,0.12012,0.095215,0.080078,0.080078,0.080078,0.080078,0.084961,0.084961,0.090332,0.084961,0.084961,0.080078,0.075195,0.070313,0.064941,0.050293,0.035156,0.015137,0,-0.0097656,-0.014648,-0.0097656,0.010254,0.044922,0.090332,0.1499,0.20996,0.26514,0.31006,0.33496,0.35498,0.35986,0.35986,0.35986,0.35986,0.35498,0.35498,0.35498,0.35498,0.35986,0.36523,0.37012,0.37012,0.375,0.39502,0.4248,0.44482,0.46484,0.47998,0.48486,0.49512,0.49023,0.46484,0.41016,0.33496,0.27002,0.23486,0.22021,0.22021,0.20996,0.19531,0.21484,0.4248,0.85986,1.3296,1.4346,0.9248,0.4751,0.27002,0.16016,0.1001,0.070313,0.055176,0.050293,0.050293,0.050293,0.055176,0.060059,0.060059,0.060059,0.060059,0.055176,0.050293,0.040039,0.030273,0.02002,0,-0.014648,-0.029785,-0.040039,-0.040039,-0.034668,-0.014648,0.015137,0.060059,0.11523,0.16992,0.22998,0.2749,0.30518,0.31982,0.33008,0.33496,0.33984,0.33496,0.33008,0.33008,0.33008,0.33496,0.33496,0.33984,0.34521,0.34521,0.3501,0.35498,0.37988,0.41016,0.4248,0.44482,0.46484,0.47021,0.4751,0.45508,0.41016,0.3501,0.29004,0.24512,0.2251,0.2251,0.22021,0.20996,0.2002,0.29004,0.61475,1.0898,1.3599,1.0898,0.59521,0.33008,0.20996,0.13525,0.095215,0.090332,0.090332,0.084961,0.084961,0.090332,0.090332,0.095215,0.090332,0.090332,0.084961,0.080078,0.075195,0.064941,0.050293,0.035156,0.024902,0.010254,0,-0.0048828,0,0.02002,0.050293,0.090332,0.14014,0.2002,0.25,0.29492,0.33008,0.3501,0.35986,0.35986,0.35986,0.35986,0.35986,0.3501,0.34521,0.34521,0.3501,0.3501,0.35498,0.35498,0.35498,0.35498,0.36523,0.39014,0.41504,0.43506,0.4502,0.46484,0.47021,0.47021,0.45508,0.41016,0.34521,0.29004,0.24512,0.23486,0.23486,0.23486,0.22021,0.20508,0.31006,0.64014,1.105,1.335,1.0298,0.55518,0.31982,0.21484,0.1499,0.11523,0.1001,0.095215,0.095215,0.1001,0.1001,0.1001,0.10498,0.10986,0.10498,0.10498,0.1001,0.095215,0.084961,0.075195,0.060059,0.044922,0.030273,0.02002,0.010254,0.015137,0.035156,0.070313,0.11523,0.16992,0.2251,0.2749,0.31494,0.34521,0.35986,0.37012,0.375,0.375,0.37012,0.37012,0.36523,0.35986,0.35986,0.35986,0.35986,0.35986,0.36523,0.37012,0.37012,0.375,0.3999,0.4248,0.43994,0.45508,0.4751,0.48486,0.49023,0.4751,0.43506,0.37988,0.31494,0.27002,0.25488,0.25488,0.25488,0.24512,0.2251,0.28516,0.55518,1.0098,1.3447,1.1699,0.68018,0.37988,0.25488,0.18018,0.14014,0.12988,0.125,0.125,0.125,0.12988,0.12988,0.13525,0.13525,0.14014,0.13525,0.12988,0.125,0.12012,0.11523,0.1001,0.080078,0.064941,0.050293,0.044922,0.044922,0.060059,0.090332,0.125,0.16992,0.22998,0.29004,0.33496,0.37012,0.39014,0.3999,0.40479,0.40479,0.40479,0.3999,0.3999,0.3999,0.39502,0.39502,0.39502,0.3999,0.3999,0.39502,0.3999,0.40479,0.41992,0.44482,0.46484,0.47998,0.5,0.51514,0.52979,0.5249,0.49512,0.43994,0.36523,0.31006,0.29004,0.28516,0.28027,0.2749,0.25,0.2749,0.5,0.93506,1.3696,1.4448,0.88477,0.4751,0.30518,0.22021,0.16016,0.13525,0.12988,0.12988,0.12988,0.12988,0.12988,0.12988,0.12988,0.13525,0.13525,0.12988,0.125,0.12012,0.10498,0.095215,0.075195,0.060059,0.040039,0.030273,0.030273,0.035156,0.050293,0.084961,0.13525,0.19531,0.25488,0.31006,0.35498,0.37988,0.3999,0.40479,0.41016,0.41016,0.40479,0.3999,0.3999,0.3999,0.3999,0.3999,0.40479,0.41504,0.41992,0.41504,0.41504,0.41992,0.44482,0.4751,0.49023,0.50977,0.5249,0.54004,0.5498,0.52979,0.49023,0.43018,0.35986,0.31006,0.29004,0.28516,0.28516,0.27002,0.25488,0.3501,0.6748,1.165,1.4946,1.2646,0.72998,0.40479,0.27002,0.18994,0.14014,0.125,0.12012,0.11523,0.11523,0.12012,0.125,0.12988,0.12988,0.125,0.12012,0.12012,0.10986,0.1001,0.090332,0.075195,0.064941,0.044922,0.030273,0.02002,0.02002,0.030273,0.050293,0.084961,0.13525,0.18994,0.25,0.30029,0.33496,0.35498,0.375,0.37988,0.37988,0.375,0.375,0.37012,0.37012,0.36523,0.36523,0.37012,0.37012,0.375,0.37988,0.38525,0.38525,0.41016,0.43506,0.45508,0.4751,0.49023,0.49512,0.50488,0.49512,0.46484,0.41504,0.3501,0.055176,0.055176,0.060059,0.064941,0.070313,0.070313,0.064941,0.055176,0.050293,0.035156,0.02002,0,-0.02002,-0.029785,-0.034668,-0.029785,-0.014648,0.015137,0.060059,0.12012,0.18506,0.24023,0.29004,0.31982,0.33496,0.34521,0.3501,0.3501,0.33984,0.33984,0.33984,0.33984,0.33984,0.33984,0.3501,0.38525,0.41016,0.4248,0.45508,0.4751,0.49512,0.5,0.47998,0.4248,0.3501,0.28027,0.24023,0.22998,0.22998,0.2251,0.20508,0.2002,0.38525,0.79004,1.25,1.3848,0.96484,0.49023,0.30029,0.2251,0.17529,0.1499,0.13525,0.125,0.12012,0.12988,0.14014,0.14014,0.14014,0.14014,0.13525,0.13525,0.12988,0.12012,0.095215,0.064941,0.015137,-0.024902,-0.054688,-0.060059,-0.060059,-0.034668,0.0048828,0.060059,0.12012,0.18506,0.24512,0.29004,0.3252,0.33984,0.3501,0.3501,0.3501,0.35498,0.3501,0.3501,0.34521,0.34521,0.3501,0.35498,0.375,0.41016,0.43018,0.45508,0.47998,0.5,0.51514,0.5,0.4502,0.38525,0.31494,0.26514,0.25,0.25,0.24512,0.22998,0.20996,0.3252,0.66992,1.1348,1.3647,1.0298,0.5249,0.28516,0.19531,0.13525,0.10498,0.090332,0.090332,0.090332,0.095215,0.1001,0.10498,0.10986,0.11523,0.11523,0.10986,0.10986,0.10986,0.1001,0.084961,0.070313,0.055176,0.044922,0.044922,0.050293,0.070313,0.10498,0.1499,0.20996,0.28027,0.33496,0.375,0.40479,0.4248,0.43994,0.44482,0.44482,0.44482,0.44482,0.43994,0.43994,0.43506,0.43994,0.44482,0.47021,0.49023,0.51514,0.54492,0.56982,0.58984,0.60986,0.61475,0.56982,0.50488,0.43506,0.37988,0.3501,0.33984,0.33496,0.33008,0.31006,0.34521,0.58008,1.0249,1.4297,1.4648,0.81494,0.45508,0.34521,0.2749,0.23486,0.20996,0.20508,0.20508,0.20996,0.21484,0.21484,0.22021,0.2251,0.2251,0.2251,0.22021,0.21484,0.20996,0.2002,0.18506,0.16504,0.15527,0.14502,0.15527,0.18018,0.20996,0.25488,0.30518,0.37012,0.43018,0.4751,0.50488,0.5249,0.54004,0.54492,0.54492,0.54492,0.54492,0.54004,0.54004,0.54004,0.54004,0.54492,0.55518,0.58496,0.61475,0.64014,0.66504,0.69482,0.71484,0.7251,0.68994,0.61475,0.54492,0.49023,0.4502,0.43994,0.43994,0.43506,0.41016,0.3999,0.625,1.04,1.4746,1.5,0.98975,0.56494,0.43018,0.37012,0.31982,0.29492,0.28516,0.28516,0.28516,0.29004,0.29004,0.29492,0.29004,0.29492,0.30029,0.29492,0.28027,0.2749,0.27002,0.25488,0.24023,0.2251,0.20996,0.20996,0.22021,0.25,0.29004,0.33984,0.3999,0.45996,0.51514,0.54492,0.56494,0.5752,0.58008,0.58008,0.5752,0.56982,0.56982,0.56982,0.56982,0.56982,0.56982,0.58496,0.61475,0.64014,0.66016,0.68506,0.71484,0.73486,0.74512,0.7251,0.66992,0.58984,0.51514,0.47021,0.4502,0.44482,0.43994,0.41992,0.40479,0.52002,0.89502,1.3848,1.5,1.27,0.71973,0.45996,0.37012,0.31006,0.2749,0.26025,0.25,0.25488,0.25488,0.25488,0.25488,0.25488,0.26025,0.26514,0.25488,0.24512,0.24023,0.2251,0.20996,0.19531,0.17529,0.16016,0.14502,0.1499,0.17529,0.21484,0.26025,0.31982,0.39014,0.44482,0.49512,0.5249,0.54004,0.5498,0.55518,0.5498,0.54004,0.54004,0.53516,0.53516,0.53516,0.53516,0.53516,0.55518,0.58984,0.61475,0.64014,0.66504,0.68506,0.7002,0.70508,0.66992,0.60986,0.53516,0.47021,0.4248,0.41504,0.41016,0.40479,0.39014,0.38525,0.6001,1.02,1.46,1.5,1.0347,0.5752,0.40479,0.31982,0.27002,0.24023,0.22998,0.2251,0.2251,0.22998,0.23486,0.24023,0.24512,0.24512,0.24023,0.24023,0.22998,0.2251,0.20996,0.19531,0.18018,0.16992,0.16016,0.16016,0.16992,0.18994,0.22021,0.27002,0.33008,0.39014,0.44482,0.48486,0.50977,0.5249,0.52979,0.53516,0.53516,0.52979,0.5249,0.5249,0.51514,0.51514,0.51514,0.51514,0.54004,0.56982,0.58496,0.60986,0.63477,0.6499,0.66504,0.66992,0.63477,0.56494,0.49512,0.43506,0.40479,0.39502,0.39502,0.37988,0.35498,0.38525,0.62988,1.085,1.4897,1.5,0.85498,0.49023,0.37012,0.30029,0.25,0.22998,0.2251,0.2251,0.2251,0.2251,0.2251,0.22998,0.22998,0.24023,0.23486,0.22998,0.2251,0.20996,0.19531,0.18506,0.16992,0.15527,0.1499,0.1499,0.16016,0.19531,0.23486,0.29492,0.35498,0.41016,0.45996,0.49023,0.50977,0.5249,0.52979,0.5249,0.52002,0.51514,0.51514,0.50977,0.50977,0.50488,0.50488,0.50977,0.52979,0.55518,0.56982,0.58984,0.62012,0.64014,0.66016,0.65479,0.60986,0.54492,0.4751,0.41504,0.37988,0.37012,0.37012,0.35986,0.33496,0.37012,0.60986,1.0547,1.4399,1.46,0.81982,0.47021,0.3501,0.28027,0.23486,0.21484,0.20508,0.20508,0.20508,0.20996,0.20996,0.21484,0.20996,0.20996,0.20996,0.20508,0.2002,0.18994,0.18018,0.16504,0.15527,0.14014,0.12988,0.13525,0.1499,0.18018,0.2251,0.2749,0.33008,0.39014,0.43506,0.46484,0.48486,0.5,0.50488,0.50488,0.5,0.49512,0.49512,0.49023,0.48486,0.48486,0.48486,0.48486,0.49512,0.52002,0.54492,0.56982,0.59521,0.62012,0.63477,0.64502,0.62012,0.56494,0.49023,0.4248,0.38525,0.375,0.37012,0.36523,0.3501,0.33496,0.4751,0.84473,1.3047,1.4448,1.0498,0.58008,0.39502,0.31982,0.26025,0.23486,0.2251,0.2251,0.22998,0.22998,0.22998,0.24023,0.24023,0.23486,0.22998,0.22998,0.22998,0.22021,0.21484,0.20508,0.18506,0.16504,0.16016,0.15527,0.16504,0.19531,0.22998,0.2749,0.33496,0.39502,0.4502,0.48486,0.50977,0.5249,0.52979,0.5249,0.5249,0.5249,0.51514,0.50977,0.50977,0.50977,0.50977,0.50977,0.52002,0.5498,0.5752,0.58984,0.61475,0.64502,0.66504,0.68018,0.66504,0.61475,0.54004,0.45996,0.41016,0.38525,0.37988,0.37988,0.37012,0.34521,0.41992,0.73486,1.1997,1.4946,1.2246,0.68506,0.41504,0.33008,0.2749,0.23486,0.21484,0.20996,0.21484,0.22021,0.22021,0.2251,0.22998,0.22998,0.2251,0.2251,0.22021,0.20996,0.2002,0.18506,0.16504,0.14502,0.13525,0.12988,0.12988,0.14014,0.17529,0.22021,0.2749,0.33496,0.38525,0.43506,0.47021,0.49023,0.5,0.50488,0.49512,0.49512,0.49512,0.49512,0.49512,0.49512,0.49512,0.50488,0.50977,0.52979,0.55518,0.58008,0.60498,0.63477,0.66016,0.66992,0.66016,0.60986,0.54004,0.45996,0.40479,0.375,0.35986,0.35986,0.35498,0.3252,0.375,0.65479,1.1147,1.48,1.3296,0.79004,0.43994,0.3252,0.25,0.20508,0.19531,0.19531,0.18506,0.18018,0.18018,0.18506,0.18994,0.19531,0.18018,0.16504,0.16504,0.16016,0.1499,0.14014,0.12988,0.10986,0.084961,0.075195,0.080078,0.090332,0.11523,0.15527,0.20996,0.27002,0.3252,0.37988,0.4248,0.43994,0.44482,0.45996,0.45996,0.45996,0.4502,0.43994,0.43506,0.43994,0.44482,0.44482,0.44482,0.45996,0.48486,0.50977,0.52979,0.55518,0.58496,0.59521,0.58008,0.55518,0.49512,0.41992,0.36523,0.33496,0.31494,0.29004,0.28027,0.27002,0.26514,0.49023,0.94482,1.4048,1.4697,0.875,0.43018,0.25488,0.18018,0.14014,0.11523,0.11523,0.095215,0.080078,0.090332,0.10498,0.10986,0.084961,0.070313,0.090332,0.10986,0.095215,0.064941,0.050293,0.030273,0.0048828,0.0048828,0.030273,0.035156,0.010254,0.024902,0.084961,0.16504,0.20996,0.22021,0.28027,0.36523,0.3999,0.40479,0.375,0.37012,0.37988,0.375,0.37012,0.36523,0.35986,0.3501,0.37012,0.41992,0.43018,0.3999,0.4248,0.48486,0.52002,0.50488,0.51514,0.54004,0.52002,0.45508,0.36523,0.28027,0.25488,0.26514,0.25,0.22998,0.21484,0.24512,0.46484,0.88477,1.2798,1.3296,0.75,0.37012,0.21484,0.14014,0.11523,0.1001,0.080078,0.064941,0.084961,0.10986,0.084961,0.075195,0.095215,0.090332,0.080078,0.080078,0.075195,0.064941,0.064941,0.044922,0.010254,0,0.010254,0,-0.040039,-0.014648,0.080078,0.16504,0.20508,0.24023,0.28027,0.29492,0.30029,0.31006,0.33008,0.33984,0.33008,0.30518,0.30029,0.31494,0.31982,0.31982,0.33496,0.33984,0.33008,0.34521,0.39014,0.43506,0.4248,0.4248,0.4502,0.43506,0.3999,0.33984,0.24512,0.20996,0.20996,0.19531,0.18506,0.18506,0.18506,0.27002,0.6001,1.0747,1.2749,0.91992,0.41992,0.18506,0.075195,0.044922,0.070313,0.060059,0.015137,-0.0097656,0.0048828,0.035156,0.044922,0.010254,-0.0097656,0.024902,0.044922,0.024902,0.010254,0,-0.029785,-0.014648,-0.0048828,-0.064941,-0.084961,-0.0048828,0.050293,0.044922,0.064941,0.1499,0.2251,0.24512,0.30029,0.35986,0.37012,0.375,0.39502,0.3999,0.37988,0.35986,0.37012,0.375,0.37988,0.38525,0.39502,0.41504,0.45508,0.50977,0.55518,0.56982,0.51514,0.5,0.51514,0.4751,0.41016,0.3501,0.31982,0.29004,0.28516,0.33496,0.29492,0.23486,0.37012,0.73975,1.145,1.3047,0.9751,0.5,0.29492,0.24023,0.22021,0.18994,0.14014,0.125,0.18506,0.19531,0.125,0.10986,0.15527,0.2002,0.20508,0.16016,0.125,0.12012,0.16992,0.17529,0.10986,0.035156,0.024902,0.10498,0.18994,0.18506,0.17529,0.16504,0.15527,0.13525,0.11523,0.095215,0.084961,0.090332,0.10498,0.13525,0.18018,0.22998,0.29492,0.35498,0.40479,0.43994,0.45508,0.46484,0.47021,0.46484,0.46484,0.45996,0.45996,0.45996,0.46484,0.47021,0.4751,0.47998,0.48486,0.50977,0.53516,0.56006,0.58496,0.60986,0.625,0.63477,0.61475,0.56982,0.5,0.41992,0.36523,0.33496,0.3252,0.31982,0.31494,0.28516,0.33496,0.625,1.1001,1.48,1.4849,0.75488,0.375,0.26025,0.19531,0.15527,0.14014,0.13525,0.12988,0.12988,0.13525,0.13525,0.14014,0.14014,0.14014,0.13525,0.12988,0.11523,0.1001,0.084961,0.064941,0.050293,0.030273,0.02002,0.02002,0.024902,0.044922,0.084961,0.14014,0.2002,0.26514,0.31982,0.36523,0.38525,0.3999,0.40479,0.41504,0.41016,0.41016,0.41504,0.41016,0.41504,0.41992,0.41992,0.4248,0.43018,0.45508,0.49023,0.50977,0.5249,0.54004,0.5498,0.56006,0.55518,0.52979,0.45996,0.38525,0.31982,0.28516,0.2749,0.2749,0.26514,0.24512,0.29004,0.53516,1,1.4346,1.4946,0.86475,0.4248,0.25,0.16016,0.11523,0.090332,0.080078,0.075195,0.075195,0.075195,0.080078,0.084961,0.090332,0.090332,0.090332,0.080078,0.075195,0.064941,0.055176,0.044922,0.024902,0.010254,0.010254,0.010254,0.02002,0.040039,0.070313,0.11523,0.17529,0.24023,0.29492,0.33496,0.36523,0.37988,0.38525,0.38525,0.37988,0.375,0.37012,0.37012,0.37012,0.37012,0.37012,0.37012,0.375,0.38525,0.41016,0.43506,0.45508,0.4751,0.49023,0.50488,0.51514,0.5,0.4502,0.38525,0.3252,0.28027,0.25,0.25,0.25,0.24023,0.22021,0.28516,0.58496,1.0547,1.395,1.1699,0.625,0.31982,0.22021,0.1499,0.11523,0.1001,0.090332,0.090332,0.090332,0.095215,0.1001,0.1001,0.095215,0.090332,0.084961,0.080078,0.070313,0.060059,0.044922,0.030273,0.02002,0.0048828,-0.0048828,-0.0048828,0.010254,0.040039,0.084961,0.14502,0.20508,0.26025,0.31006,0.3501,0.36523,0.375,0.37988,0.375,0.375,0.375,0.375,0.375,0.375,0.37012,0.37012,0.37012,0.375,0.38525,0.41504,0.44482,0.47021,0.49512,0.51514,0.52979,0.54004,0.52002,0.47021,0.41016,0.35498,0.31006,0.29492,0.29004,0.29492,0.28516,0.26514,0.35498,0.69482,1.1797,1.4448,1.125,0.58984,0.33496,0.24512,0.18994,0.15527,0.14502,0.14014,0.14014,0.14014,0.14502,0.15527,0.15527,0.16016,0.15527,0.16016,0.1499,0.14502,0.14014,0.12988,0.10986,0.095215,0.084961,0.080078,0.090332,0.10986,0.14502,0.18994,0.24512,0.31006,0.37012,0.41504,0.43994,0.45508,0.45996,0.46484,0.47021,0.46484,0.45508,0.45508,0.45508,0.4502,0.45508,0.45996,0.45996,0.46484,0.48486,0.51514,0.54004,0.56006,0.58984,0.62012,0.64502,0.65479,0.63477,0.58008,0.52002,0.45508,0.41016,0.38525,0.375,0.35986,0.33984,0.31006,0.41992,0.77979,1.2646,1.5,1.145,0.5752,0.33008,0.26025,0.21484,0.18506,0.17529,0.17529,0.18506,0.19531,0.2002,0.20508,0.20508,0.2002,0.2002,0.19531,0.18506,0.17529,0.16504,0.14502,0.12012,0.095215,0.080078,0.075195,0.080078,0.095215,0.125,0.16504,0.22021,0.28516,0.34521,0.39502,0.4248,0.43994,0.44482,0.4502,0.4502,0.44482,0.45508,0.47998,0.50977,0.53516,0.56006,0.5752,0.5752,0.5752,0.58496,0.6001,0.61475,0.62012,0.63477,0.64014,0.64014,0.62012,0.5752,0.50488,0.4248,0.35498,0.31494,0.30029,0.29004,0.2749,0.24512,0.23486,0.44482,0.88477,1.3696,1.48,0.91504,0.4248,0.25,0.18018,0.13525,0.11523,0.11523,0.12012,0.125,0.13525,0.14014,0.14502,0.15527,0.16016,0.16016,0.16016,0.16016,0.1499,0.13525,0.12012,0.10498,0.090332,0.075195,0.070313,0.070313,0.084961,0.12012,0.16992,0.22998,0.29492,0.35498,0.3999,0.4248,0.44482,0.4502,0.44482,0.25,0.24512,0.22998,0.2749,0.52979,0.98975,1.4199,1.4648,0.81494,0.39014,0.24023,0.16504,0.125,0.10986,0.1001,0.1001,0.10986,0.11523,0.11523,0.12012,0.12988,0.13525,0.13525,0.12988,0.12012,0.11523,0.10986,0.095215,0.080078,0.070313,0.064941,0.064941,0.070313,0.095215,0.12988,0.18018,0.24023,0.30029,0.35498,0.39014,0.41504,0.43018,0.43506,0.43018,0.4248,0.41992,0.41504,0.41504,0.41504,0.41504,0.41504,0.40479,0.40479,0.41504,0.43994,0.46484,0.48486,0.50488,0.5249,0.53516,0.54004,0.5249,0.4751,0.41016,0.33984,0.29004,0.26514,0.26514,0.26025,0.24512,0.2251,0.30029,0.60498,1.0747,1.4048,1.1748,0.625,0.31006,0.2002,0.13525,0.095215,0.080078,0.075195,0.080078,0.080078,0.084961,0.090332,0.1001,0.10498,0.10986,0.10986,0.10498,0.1001,0.095215,0.090332,0.075195,0.064941,0.055176,0.050293,0.055176,0.070313,0.095215,0.13525,0.18994,0.25488,0.31494,0.35986,0.39502,0.41016,0.41992,0.4248,0.4248,0.41992,0.41504,0.41016,0.40479,0.40479,0.40479,0.41504,0.41992,0.4248,0.44482,0.4751,0.5,0.5249,0.54492,0.56494,0.58496,0.58984,0.54492,0.48486,0.41992,0.35986,0.33008,0.31982,0.31982,0.31494,0.29492,0.29004,0.49023,0.91504,1.375,1.48,0.95508,0.48486,0.31982,0.25,0.2002,0.17529,0.16504,0.16504,0.16504,0.17529,0.17529,0.18018,0.18018,0.18018,0.18018,0.17529,0.16504,0.16016,0.15527,0.14502,0.12988,0.11523,0.1001,0.1001,0.11523,0.14014,0.17529,0.22021,0.28027,0.33984,0.39014,0.43506,0.45996,0.47021,0.47998,0.4751,0.47021,0.47021,0.46484,0.46484,0.46484,0.46484,0.46484,0.46484,0.4751,0.49023,0.51514,0.53516,0.56006,0.58984,0.60986,0.62988,0.63477,0.6001,0.54492,0.4751,0.40479,0.35986,0.33984,0.33496,0.33496,0.31494,0.29492,0.43506,0.83008,1.3398,1.5,1.1299,0.56494,0.33496,0.26025,0.20996,0.18018,0.16504,0.16016,0.16504,0.17529,0.16992,0.16992,0.17529,0.18018,0.17529,0.17529,0.16992,0.16504,0.15527,0.14014,0.11523,0.095215,0.080078,0.080078,0.080078,0.095215,0.12988,0.18018,0.23486,0.29004,0.34521,0.3999,0.43506,0.4502,0.45508,0.45996,0.45996,0.45996,0.45508,0.45508,0.45996,0.46484,0.46484,0.47021,0.47998,0.49023,0.52002,0.54492,0.56006,0.58496,0.60986,0.625,0.625,0.60498,0.54492,0.4751,0.39502,0.3501,0.3252,0.31982,0.31494,0.29492,0.28027,0.37988,0.72998,1.2349,1.5,1.2446,0.65479,0.33984,0.23486,0.16992,0.13525,0.12012,0.12012,0.12012,0.12012,0.12988,0.12988,0.13525,0.13525,0.13525,0.12988,0.12012,0.10986,0.1001,0.090332,0.070313,0.050293,0.035156,0.030273,0.035156,0.044922,0.070313,0.10498,0.16016,0.2251,0.28516,0.33496,0.375,0.39502,0.3999,0.40479,0.40479,0.40479,0.40479,0.40479,0.40479,0.40479,0.40479,0.40479,0.40479,0.41504,0.43994,0.4751,0.49512,0.50977,0.52979,0.54004,0.5498,0.55518,0.50977,0.44482,0.37012,0.31006,0.27002,0.26025,0.25488,0.25,0.23486,0.22998,0.49512,0.94482,1.3999,1.48,0.875,0.41504,0.24023,0.16016,0.10986,0.090332,0.080078,0.075195,0.075195,0.075195,0.080078,0.090332,0.090332,0.090332,0.090332,0.084961,0.080078,0.075195,0.070313,0.055176,0.035156,0.024902,0.024902,0.024902,0.030273,0.050293,0.080078,0.125,0.18506,0.24023,0.29492,0.33496,0.36523,0.375,0.37988,0.38525,0.38525,0.38525,0.37988,0.37988,0.375,0.375,0.37988,0.37988,0.38525,0.39502,0.4248,0.45508,0.4751,0.49023,0.50977,0.5249,0.53516,0.50977,0.45996,0.39502,0.33008,0.28516,0.27002,0.26514,0.26514,0.24512,0.2251,0.3252,0.66016,1.1396,1.4146,1.1147,0.5752,0.30518,0.20508,0.14502,0.10986,0.095215,0.090332,0.090332,0.090332,0.095215,0.1001,0.10986,0.10986,0.10986,0.10986,0.10498,0.1001,0.095215,0.080078,0.070313,0.055176,0.044922,0.040039,0.044922,0.060059,0.090332,0.13525,0.18506,0.24512,0.30518,0.35498,0.37988,0.3999,0.40479,0.40479,0.40479,0.40479,0.40479,0.3999,0.3999,0.39502,0.39502,0.39502,0.39502,0.39502,0.41016,0.43506,0.45996,0.4751,0.5,0.52002,0.52979,0.54004,0.52002,0.4751,0.41016,0.34521,0.30029,0.28027,0.2749,0.2749,0.26514,0.24023,0.31982,0.63477,1.1099,1.4146,1.1548,0.61475,0.33008,0.23486,0.16992,0.13525,0.12012,0.11523,0.11523,0.11523,0.12012,0.12988,0.12988,0.13525,0.12988,0.12988,0.12988,0.12012,0.10986,0.1001,0.090332,0.075195,0.064941,0.060059,0.064941,0.080078,0.11523,0.16016,0.20508,0.26514,0.31982,0.37012,0.39502,0.41504,0.4248,0.43018,0.4248,0.41992,0.41992,0.41992,0.41992,0.41504,0.41504,0.41504,0.41504,0.41992,0.43018,0.45996,0.48486,0.50977,0.52979,0.5498,0.56982,0.58008,0.55518,0.5,0.43506,0.36523,0.3252,0.30518,0.30518,0.30518,0.29004,0.27002,0.35986,0.69482,1.1797,1.4746,1.1851,0.625,0.3501,0.26025,0.2002,0.16992,0.15527,0.15527,0.1499,0.1499,0.15527,0.16016,0.16504,0.16504,0.16504,0.16016,0.16016,0.16016,0.1499,0.12988,0.11523,0.1001,0.090332,0.080078,0.080078
